0: {34 38 23 31 }
1: {29 20 9 }
2: {11 1 40 37 }
3: {30 24 28 16 }
4: {18 32 19 }
5: {39 13 22 }
6: {4 26 }
7: {3 8 }
8: {12 27 7 }
9: {21 14 }
10: {35 15 }
11: {17 25 }
12: {36 33 }
13: {2 }
14: {10 }
15: {6 }
16: {5 }
[ 16 32 ] 1 1 0 [ -6 -29 ] 1 1 0 [ 16 34 ] 1 1 0 [ -25 -37 ] 1 1 0 [ 27 35 ] 1 1 0 [ -8 -25 ] 2 0 0 [ -2 -25 ] 1 1 0 [ -17 -26 ] 1 1 0 [ 14 27 ] 1 1 0 [ 14 39 ] 0 2 0 [ 18 31 ] 1 1 0 [ 9 19 ] 1 1 0 [ 15 19 ] 1 1 0 [ 7 9 ] 1 1 0 [ 27 39 ] 1 1 0 [ 16 31 ] 1 1 0 [ -2 -33 ] 0 2 0 [ -6 -26 ] 1 1 0 [ -6 -30 ] 1 1 0 [ -5 -20 ] 1 1 0 [ -11 -30 ] 1 1 0 [ 16 35 ] 1 1 0 [ 12 16 ] 1 1 0 [ -6 -36 ] 2 0 0 [ -13 -40 ] 1 1 0 [ 4 12 ] 1 1 0 [ 12 15 ] 1 1 0 [ -8 -26 ] 1 1 0 [ 4 16 ] 2 0 0 [ 15 31 ] 1 1 0 [ 9 12 ] 1 1 0 [ 14 15 ] 1 1 0 [ 15 16 ] 2 0 0 [ -11 -22 ] 2 0 0 [ 7 21 ] 1 1 0 [ -3 -11 ] 2 0 0 [ 23 32 ] 1 1 0 [ 12 35 ] 0 2 0 [ 27 38 ] 1 1 0 [ -6 -25 ] 2 0 0 [ -3 -20 ] 1 1 0 [ -8 -20 ] 1 1 0 [ 23 35 ] 1 1 0 [ 19 21 ] 1 1 0 [ 31 32 ] 0 2 0 [ -26 -36 ] 1 1 0 [ 16 19 ] 1 1 0 [ 27 31 ] 1 1 0 [ 32 39 ] 0 2 0 [ -13 -20 ] 1 1 0 [ 23 27 ] 2 0 0 [ -22 -26 ] 1 1 0 [ -36 -40 ] 1 1 0 [ -17 -36 ] 2 0 0 [ -5 -37 ] 1 1 0 [ -26 -33 ] 0 2 0 [ -25 -26 ] 1 1 0 [ 4 32 ] 1 1 0 [ -5 -25 ] 2 0 0 [ -22 -28 ] 2 0 0 [ -33 -37 ] 0 2 0 [ 10 14 ] 0 2 0 [ -22 -33 ] 1 1 0 [ -3 -26 ] 1 1 0 [ -20 -22 ] 1 1 0 [ 4 14 ] 1 1 0 [ -25 -30 ] 1 1 0 [ 19 23 ] 1 1 0 [ 15 34 ] 1 1 0 [ 16 21 ] 2 0 0 [ -3 -25 ] 2 0 0 [ -25 -40 ] 1 1 0 [ -1 -20 ] 0 2 0 [ 19 24 ] 1 1 0 [ 24 27 ] 2 0 0 [ 7 23 ] 1 1 0 [ -17 -30 ] 1 1 0 [ 14 16 ] 1 1 0 [ -5 -6 ] 2 0 0 [ 19 27 ] 1 1 0 [ -8 -11 ] 2 0 0 [ -6 -22 ] 2 0 0 [ -1 -3 ] 1 1 0 [ -11 -29 ] 1 1 0 [ -22 -36 ] 2 0 0 [ 10 12 ] 0 2 0 [ -26 -29 ] 0 2 0 [ 7 18 ] 1 1 0 [ -13 -17 ] 2 0 0 [ 9 32 ] 1 1 0 [ 9 23 ] 2 0 0 [ -2 -11 ] 1 1 0 [ 4 31 ] 1 1 0 [ 4 21 ] 2 0 0 [ -1 -2 ] 0 2 0 [ 12 32 ] 0 2 0 [ 24 32 ] 1 1 0 [ -1 -22 ] 1 1 0 [ 18 38 ] 1 1 0 [ -29 -33 ] 0 2 0 [ 32 35 ] 0 2 0 [ 10 23 ] 1 1 0 [ 7 31 ] 0 2 0 [ 4 7 ] 1 1 0 [ 4 39 ] 1 1 0 [ -13 -36 ] 2 0 0 [ -13 -37 ] 1 1 0 [ -2 -22 ] 1 1 0 [ 10 19 ] 0 2 0 [ 12 38 ] 0 2 0 [ 7 35 ] 0 2 0 [ -11 -13 ] 2 0 0 [ 16 27 ] 2 0 0 [ 4 35 ] 1 1 0 [ 4 15 ] 2 0 0 [ 12 21 ] 1 1 0 [ -1 -33 ] 0 2 0 [ -2 -5 ] 1 1 0 [ 10 31 ] 0 2 0 [ 4 23 ] 2 0 0 [ 18 34 ] 1 1 0 [ -26 -28 ] 1 1 0 [ 4 24 ] 2 0 0 [ -8 -17 ] 2 0 0 [ 15 27 ] 2 0 0 [ -25 -33 ] 1 1 0 [ -5 -40 ] 1 1 0 [ 7 24 ] 1 1 0 [ 10 15 ] 1 1 0 [ 34 35 ] 0 2 0 [ 27 32 ] 1 1 0 [ -17 -33 ] 1 1 0 [ 21 35 ] 1 1 0 [ 9 14 ] 1 1 0 [ -2 -3 ] 1 1 0 [ -1 -13 ] 1 1 0 [ -13 -30 ] 1 1 0 [ -1 -6 ] 1 1 0 [ -3 -36 ] 2 0 0 [ -29 -37 ] 0 2 0 [ 4 27 ] 2 0 0 [ -11 -28 ] 2 0 0 [ -6 -8 ] 2 0 0 [ 10 35 ] 0 2 0 [ -3 -5 ] 2 0 0 [ 21 32 ] 1 1 0 [ 38 39 ] 0 2 0 [ 9 34 ] 1 1 0 [ 12 14 ] 0 2 0 [ 9 15 ] 2 0 0 [ -29 -36 ] 1 1 0 [ 14 32 ] 0 2 0 [ -3 -29 ] 1 1 0 [ -22 -37 ] 1 1 0 [ 18 24 ] 2 0 0 [ -5 -29 ] 1 1 0 [ -20 -37 ] 0 2 0 [ -11 -26 ] 1 1 0 [ 14 38 ] 0 2 0 [ 21 24 ] 2 0 0 [ 27 34 ] 1 1 0 [ -5 -30 ] 1 1 0 [ 24 39 ] 1 1 0 [ 10 21 ] 1 1 0 [ -6 -13 ] 2 0 0 [ -22 -25 ] 2 0 0 [ 12 24 ] 1 1 0 [ -5 -13 ] 2 0 0 [ -3 -37 ] 1 1 0 [ -26 -37 ] 0 2 0 [ 4 19 ] 1 1 0 [ 9 24 ] 2 0 0 [ -30 -40 ] 0 2 0 [ 32 34 ] 0 2 0 [ -11 -33 ] 1 1 0 [ -30 -33 ] 0 2 0 [ 12 18 ] 1 1 0 [ -5 -26 ] 1 1 0 [ 21 31 ] 1 1 0 [ 10 39 ] 0 2 0 [ -3 -17 ] 2 0 0 [ -2 -6 ] 1 1 0 [ 18 35 ] 1 1 0 [ 4 10 ] 1 1 0 [ 24 38 ] 1 1 0 [ -6 -37 ] 1 1 0 [ -1 -36 ] 1 1 0 [ 19 35 ] 0 2 0 [ 15 21 ] 2 0 0 [ 10 18 ] 1 1 0 [ -2 -29 ] 0 2 0 [ -3 -13 ] 2 0 0 [ 16 39 ] 1 1 0 [ 9 38 ] 1 1 0 [ -13 -26 ] 1 1 0 [ -28 -40 ] 1 1 0 [ -17 -28 ] 2 0 0 [ -3 -33 ] 1 1 0 [ 15 38 ] 1 1 0 [ -6 -17 ] 2 0 0 [ -26 -40 ] 0 2 0 [ 12 23 ] 1 1 0 [ -28 -33 ] 1 1 0 [ -1 -17 ] 1 1 0 [ -22 -40 ] 1 1 0 [ -8 -13 ] 2 0 0 [ 31 39 ] 0 2 0 [ 23 39 ] 1 1 0 [ 14 31 ] 0 2 0 [ 12 31 ] 0 2 0 [ -5 -36 ] 2 0 0 [ -25 -29 ] 1 1 0 [ -6 -11 ] 2 0 0 [ 9 10 ] 1 1 0 [ 18 23 ] 2 0 0 [ -6 -40 ] 1 1 0 [ 18 21 ] 2 0 0 [ 16 18 ] 2 0 0 [ -28 -36 ] 2 0 0 [ -3 -30 ] 1 1 0 [ -8 -37 ] 1 1 0 [ -1 -8 ] 1 1 0 [ -2 -28 ] 1 1 0 [ 9 39 ] 1 1 0 [ 7 15 ] 1 1 0 [ -25 -28 ] 2 0 0 [ 19 34 ] 0 2 0 [ 15 23 ] 2 0 0 [ -2 -20 ] 0 2 0 [ 14 35 ] 0 2 0 [ 9 31 ] 1 1 0 [ -17 -22 ] 2 0 0 [ 35 38 ] 0 2 0 [ 21 27 ] 2 0 0 [ -11 -20 ] 1 1 0 [ -2 -17 ] 1 1 0 [ -8 -40 ] 1 1 0 [ -2 -40 ] 0 2 0 