20066: {28 26 32 }
20067: {9 17 }
20068: {25 6 16 }
20069: {11 18 }
20070: {4 40 38 }
20071: {3 13 15 }
20072: {14 19 }
20073: {20 30 }
20074: {1 2 31 }
20075: {23 29 }
20076: {24 12 }
20077: {10 33 }
20078: {21 }
20079: {5 39 }
20080: {7 37 }
20081: {27 35 }
20082: {34 }
20083: {36 22 }
20084: {8 }
[ -11 -39 ] 1 1 0 [ 16 38 ] 1 1 0 [ -11 -17 ] 1 1 0 [ -9 -12 ] 0 2 0 [ -7 -17 ] 1 1 0 [ 23 28 ] 0 2 0 [ 16 28 ] 0 2 0 [ 22 29 ] 0 2 0 [ 36 40 ] 2 0 0 [ -21 -30 ] 0 2 0 [ -33 -35 ] 2 0 0 [ 3 6 ] 0 2 0 [ 4 25 ] 1 1 0 [ 28 36 ] 1 1 0 [ -10 -11 ] 1 1 0 [ 15 20 ] 1 1 0 [ 37 40 ] 1 1 0 [ 4 13 ] 2 0 0 [ -7 -8 ] 0 2 0 [ -1 -9 ] 1 1 0 [ -12 -33 ] 1 1 0 [ 20 36 ] 1 1 0 [ 22 40 ] 1 1 0 [ -10 -17 ] 2 0 0 [ 4 24 ] 2 0 0 [ 4 37 ] 1 1 0 [ 24 40 ] 2 0 0 [ -10 -32 ] 1 1 0 [ 20 29 ] 0 2 0 [ -1 -34 ] 1 1 0 [ -9 -30 ] 0 2 0 [ 6 36 ] 1 1 0 [ 22 26 ] 1 1 0 [ 14 29 ] 1 1 0 [ 25 37 ] 0 2 0 [ -31 -39 ] 1 1 0 [ -27 -30 ] 0 2 0 [ -1 -8 ] 1 1 0 [ -33 -34 ] 1 1 0 [ -10 -35 ] 2 0 0 [ -17 -31 ] 1 1 0 [ 6 22 ] 0 2 0 [ -10 -27 ] 1 1 0 [ -11 -27 ] 0 2 0 [ 13 36 ] 2 0 0 [ 16 24 ] 1 1 0 [ -1 -32 ] 1 1 0 [ -9 -27 ] 0 2 0 [ 23 25 ] 0 2 0 [ 26 36 ] 2 0 0 [ -34 -39 ] 1 1 0 [ -32 -35 ] 1 1 0 [ 19 22 ] 0 2 0 [ -17 -34 ] 1 1 0 [ -2 -21 ] 1 1 0 [ -18 -21 ] 0 2 0 [ -18 -33 ] 1 1 0 [ -9 -39 ] 1 1 0 [ -21 -27 ] 0 2 0 [ -1 -18 ] 1 1 0 [ -1 -30 ] 1 1 0 [ -1 -7 ] 1 1 0 [ -17 -27 ] 1 1 0 [ -31 -33 ] 1 1 0 [ -18 -30 ] 0 2 0 [ 22 25 ] 0 2 0 [ 3 19 ] 0 2 0 [ 19 36 ] 1 1 0 [ -18 -35 ] 1 1 0 [ -7 -21 ] 0 2 0 [ 23 26 ] 1 1 0 [ -21 -35 ] 1 1 0 [ 16 19 ] 0 2 0 [ -1 -5 ] 2 0 0 [ -11 -31 ] 0 2 0 [ 29 38 ] 1 1 0 [ 24 28 ] 1 1 0 [ -5 -18 ] 1 1 0 [ 14 36 ] 2 0 0 [ -1 -12 ] 1 1 0 [ 19 25 ] 0 2 0 [ -21 -39 ] 1 1 0 [ 13 16 ] 1 1 0 [ -30 -34 ] 0 2 0 [ 13 20 ] 1 1 0 [ -18 -27 ] 0 2 0 [ -11 -21 ] 0 2 0 [ 6 26 ] 1 1 0 [ -17 -30 ] 1 1 0 [ 15 24 ] 2 0 0 [ 25 26 ] 1 1 0 [ -2 -10 ] 2 0 0 [ -1 -21 ] 1 1 0 [ -8 -10 ] 1 1 0 [ -27 -34 ] 0 2 0 [ 14 37 ] 1 1 0 [ 3 14 ] 1 1 0 [ -11 -35 ] 1 1 0 [ -30 -31 ] 0 2 0 [ -27 -32 ] 0 2 0 [ 4 29 ] 1 1 0 [ -5 -7 ] 1 1 0 [ -8 -34 ] 0 2 0 [ -9 -31 ] 0 2 0 [ 29 37 ] 0 2 0 [ -1 -27 ] 1 1 0 [ 25 29 ] 0 2 0 [ 13 28 ] 1 1 0 [ -5 -11 ] 1 1 0 [ 16 36 ] 1 1 0 [ -8 -21 ] 0 2 0 [ 15 23 ] 1 1 0 [ -11 -34 ] 0 2 0 [ -5 -8 ] 1 1 0 [ -8 -27 ] 0 2 0 [ 4 36 ] 2 0 0 [ 15 19 ] 1 1 0 [ 6 40 ] 1 1 0 [ -10 -30 ] 1 1 0 [ 19 38 ] 1 1 0 [ -1 -10 ] 2 0 0 [ -2 -12 ] 1 1 0 [ -21 -31 ] 0 2 0 [ -5 -32 ] 1 1 0 [ 22 38 ] 1 1 0 [ -7 -33 ] 1 1 0 [ -7 -11 ] 0 2 0 [ -31 -35 ] 1 1 0 [ -9 -34 ] 0 2 0 [ 14 40 ] 2 0 0 [ 3 37 ] 0 2 0 [ 3 36 ] 1 1 0 [ -12 -18 ] 0 2 0 [ -21 -33 ] 1 1 0 [ 24 29 ] 1 1 0 [ 4 15 ] 2 0 0 [ 14 25 ] 1 1 0 [ 16 22 ] 0 2 0 [ 3 28 ] 0 2 0 [ 15 40 ] 2 0 0 [ -32 -39 ] 1 1 0 [ 6 15 ] 1 1 0 [ 4 23 ] 1 1 0 [ -8 -12 ] 0 2 0 [ 4 19 ] 1 1 0 [ 14 15 ] 2 0 0 [ -17 -39 ] 2 0 0 [ 19 23 ] 0 2 0 [ -10 -39 ] 2 0 0 [ 23 37 ] 0 2 0 [ -5 -10 ] 2 0 0 [ 22 23 ] 0 2 0 [ 26 38 ] 2 0 0 [ -17 -18 ] 1 1 0 [ 4 22 ] 1 1 0 [ 20 28 ] 0 2 0 [ 14 26 ] 2 0 0 [ 6 20 ] 0 2 0 [ -17 -33 ] 2 0 0 [ -7 -10 ] 1 1 0 [ -2 -8 ] 1 1 0 [ 22 24 ] 1 1 0 [ -2 -11 ] 1 1 0 [ -9 -32 ] 0 2 0 [ -7 -32 ] 0 2 0 [ -2 -7 ] 1 1 0 [ 13 37 ] 1 1 0 [ -5 -21 ] 1 1 0 [ 14 23 ] 1 1 0 [ -35 -39 ] 2 0 0 [ -10 -12 ] 1 1 0 [ -7 -30 ] 0 2 0 [ 6 14 ] 1 1 0 [ 23 36 ] 1 1 0 [ -2 -35 ] 2 0 0 [ 24 25 ] 1 1 0 [ -5 -9 ] 1 1 0 [ -2 -9 ] 1 1 0 [ 14 24 ] 2 0 0 [ 3 40 ] 1 1 0 [ 29 40 ] 1 1 0 [ -1 -11 ] 1 1 0 [ 13 19 ] 1 1 0 [ 26 29 ] 1 1 0 [ 3 26 ] 1 1 0 [ -18 -32 ] 0 2 0 [ 24 26 ] 2 0 0 [ 15 38 ] 2 0 0 [ -27 -33 ] 1 1 0 [ 13 29 ] 1 1 0 [ 37 38 ] 1 1 0 [ -21 -34 ] 0 2 0 [ -10 -21 ] 1 1 0 [ 3 25 ] 0 2 0 [ 14 20 ] 1 1 0 [ -11 -30 ] 0 2 0 [ -8 -32 ] 0 2 0 [ 3 38 ] 1 1 0 [ 6 28 ] 0 2 0 [ -2 -18 ] 1 1 0 [ -9 -33 ] 1 1 0 [ -2 -30 ] 1 1 0 [ 19 28 ] 0 2 0 [ -5 -27 ] 1 1 0 [ -9 -35 ] 1 1 0 [ -2 -39 ] 2 0 0 [ -21 -32 ] 0 2 0 [ 3 16 ] 0 2 0 [ 20 37 ] 0 2 0 [ 15 37 ] 1 1 0 [ 6 24 ] 1 1 0 [ 3 20 ] 0 2 0 [ 15 29 ] 1 1 0 [ 16 20 ] 0 2 0 [ 15 28 ] 1 1 0 [ 24 37 ] 1 1 0 [ -17 -21 ] 1 1 0 [ 3 22 ] 0 2 0 [ -34 -35 ] 1 1 0 [ 4 6 ] 1 1 0 [ -7 -35 ] 1 1 0 [ 20 40 ] 1 1 0 [ 19 24 ] 1 1 0 [ 13 14 ] 2 0 0 [ -5 -30 ] 1 1 0 [ -30 -35 ] 1 1 0 [ -1 -33 ] 2 0 0 [ 6 13 ] 1 1 0 [ -5 -12 ] 1 1 0 [ -30 -39 ] 1 1 0 [ 16 40 ] 1 1 0 [ -12 -30 ] 0 2 0 [ 20 38 ] 1 1 0 [ -10 -18 ] 1 1 0 [ 6 29 ] 0 2 0 [ -8 -11 ] 0 2 0 [ 23 24 ] 1 1 0 [ -2 -17 ] 2 0 0 [ -5 -34 ] 1 1 0 [ 16 29 ] 0 2 0 [ 4 14 ] 2 0 0 [ -8 -9 ] 0 2 0 [ 14 16 ] 1 1 0 [ -1 -35 ] 2 0 0 [ -2 -33 ] 2 0 0 [ 14 22 ] 1 1 0 [ 15 25 ] 1 1 0 [ 20 24 ] 1 1 0 [ 19 40 ] 1 1 0 [ 4 28 ] 1 1 0 [ -31 -34 ] 0 2 0 [ -8 -33 ] 1 1 0 [ -27 -39 ] 1 1 0 [ 28 40 ] 1 1 0 [ 23 40 ] 1 1 0 