40310: {23 29 10 9 8 }
40311: {13 38 40 22 }
40312: {31 4 30 }
40313: {2 6 16 24 }
40314: {1 34 3 }
40315: {7 12 33 25 39 }
40316: {35 21 28 14 }
40317: {20 18 5 }
40318: {36 27 }
40319: {17 11 15 }
40320: {32 }
40321: {19 37 }
40322: {26 }
[ -20 -30 ] 1 1 0 [ -6 -15 ] 0 2 0 [ -5 -30 ] 1 1 0 [ -5 -31 ] 1 1 0 [ -13 -25 ] 2 0 0 [ -3 -17 ] 1 1 0 [ 23 26 ] 1 1 0 [ -4 -5 ] 1 1 0 [ -20 -32 ] 2 0 0 [ -20 -27 ] 1 1 0 [ -17 -31 ] 1 1 0 [ 9 36 ] 1 1 0 [ 26 37 ] 0 2 0 [ -33 -40 ] 1 1 0 [ -27 -32 ] 1 1 0 [ 2 29 ] 0 2 0 [ 26 28 ] 1 1 0 [ -31 -33 ] 0 2 0 [ 1 36 ] 2 0 0 [ -6 -31 ] 0 2 0 [ 23 38 ] 1 1 0 [ 29 38 ] 0 2 0 [ -15 -16 ] 0 2 0 [ -4 -20 ] 1 1 0 [ 12 26 ] 0 2 0 [ 26 39 ] 1 1 0 [ 12 21 ] 1 1 0 [ 8 14 ] 1 1 0 [ 26 36 ] 1 1 0 [ -11 -32 ] 2 0 0 [ 36 37 ] 1 1 0 [ -7 -15 ] 0 2 0 [ 1 37 ] 1 1 0 [ 2 14 ] 1 1 0 [ -15 -25 ] 1 1 0 [ -17 -32 ] 2 0 0 [ 28 39 ] 2 0 0 [ -5 -34 ] 1 1 0 [ -17 -34 ] 1 1 0 [ 1 38 ] 1 1 0 [ 2 35 ] 1 1 0 [ 19 39 ] 1 1 0 [ -7 -34 ] 0 2 0 [ 1 22 ] 1 1 0 [ 26 29 ] 0 2 0 [ -16 -25 ] 1 1 0 [ 10 18 ] 0 2 0 [ 18 36 ] 1 1 0 [ 21 23 ] 2 0 0 [ -27 -40 ] 1 1 0 [ 12 28 ] 1 1 0 [ -20 -24 ] 1 1 0 [ -25 -31 ] 1 1 0 [ -24 -31 ] 0 2 0 [ 18 22 ] 0 2 0 [ 8 26 ] 0 2 0 [ -17 -30 ] 1 1 0 [ 22 28 ] 1 1 0 [ -16 -40 ] 1 1 0 [ -5 -13 ] 2 0 0 [ -5 -25 ] 2 0 0 [ -3 -40 ] 1 1 0 [ -11 -30 ] 1 1 0 [ 35 39 ] 2 0 0 [ 12 22 ] 0 2 0 [ 1 8 ] 1 1 0 [ -3 -31 ] 0 2 0 [ -3 -13 ] 1 1 0 [ -33 -34 ] 0 2 0 [ 8 35 ] 1 1 0 [ -11 -31 ] 1 1 0 [ -7 -40 ] 1 1 0 [ 12 18 ] 0 2 0 [ 8 21 ] 1 1 0 [ -32 -40 ] 2 0 0 [ -15 -24 ] 0 2 0 [ -20 -31 ] 1 1 0 [ -5 -11 ] 2 0 0 [ -24 -32 ] 1 1 0 [ -13 -34 ] 1 1 0 [ -3 -20 ] 1 1 0 [ -3 -6 ] 0 2 0 [ -3 -4 ] 0 2 0 [ 1 12 ] 1 1 0 [ -7 -17 ] 1 1 0 [ 29 37 ] 0 2 0 [ -5 -32 ] 2 0 0 [ 14 18 ] 1 1 0 [ -6 -13 ] 1 1 0 [ 8 19 ] 0 2 0 [ 12 14 ] 1 1 0 [ 14 37 ] 1 1 0 [ 18 35 ] 1 1 0 [ -17 -33 ] 1 1 0 [ -13 -16 ] 1 1 0 [ -5 -7 ] 1 1 0 [ -13 -15 ] 1 1 0 [ -17 -24 ] 1 1 0 [ -6 -33 ] 0 2 0 [ -4 -27 ] 0 2 0 [ 1 28 ] 2 0 0 [ 2 37 ] 0 2 0 [ 10 38 ] 0 2 0 [ 23 28 ] 2 0 0 [ 14 19 ] 1 1 0 [ 8 12 ] 0 2 0 [ 28 38 ] 1 1 0 [ -6 -11 ] 1 1 0 [ 10 37 ] 0 2 0 [ -15 -33 ] 0 2 0 [ 26 38 ] 0 2 0 [ 8 36 ] 1 1 0 [ -16 -33 ] 0 2 0 [ -15 -34 ] 0 2 0 [ 21 39 ] 2 0 0 [ 12 29 ] 0 2 0 [ -31 -32 ] 1 1 0 [ -4 -7 ] 0 2 0 [ 14 22 ] 1 1 0 [ -27 -34 ] 0 2 0 [ -4 -17 ] 1 1 0 [ 9 38 ] 0 2 0 [ 10 35 ] 1 1 0 [ 1 35 ] 2 0 0 [ -32 -33 ] 1 1 0 [ -24 -34 ] 0 2 0 [ -16 -30 ] 0 2 0 [ -13 -20 ] 2 0 0 [ 19 23 ] 1 1 0 [ -20 -34 ] 1 1 0 [ 26 35 ] 1 1 0 [ 21 26 ] 1 1 0 [ 10 39 ] 1 1 0 [ 2 39 ] 1 1 0 [ -11 -33 ] 1 1 0 [ 29 39 ] 1 1 0 [ -11 -40 ] 2 0 0 [ 1 29 ] 1 1 0 [ 28 36 ] 2 0 0 [ 22 23 ] 1 1 0 [ -5 -16 ] 1 1 0 [ -24 -30 ] 0 2 0 [ 35 36 ] 2 0 0 [ -6 -34 ] 0 2 0 [ 1 26 ] 1 1 0 [ 28 37 ] 1 1 0 [ 12 36 ] 1 1 0 [ 12 38 ] 0 2 0 [ -4 -34 ] 0 2 0 [ 21 29 ] 1 1 0 [ -11 -24 ] 1 1 0 [ -5 -15 ] 1 1 0 [ 37 38 ] 0 2 0 [ -3 -25 ] 1 1 0 [ -15 -27 ] 0 2 0 [ -4 -16 ] 0 2 0 [ -13 -17 ] 2 0 0 [ -4 -6 ] 0 2 0 [ 2 23 ] 1 1 0 [ 9 26 ] 0 2 0 [ 10 36 ] 1 1 0 [ 9 18 ] 0 2 0 [ -5 -33 ] 1 1 0 [ 29 36 ] 1 1 0 [ 19 28 ] 1 1 0 [ 37 39 ] 1 1 0 [ 28 29 ] 1 1 0 [ 18 19 ] 0 2 0 [ 22 37 ] 0 2 0 [ -25 -30 ] 1 1 0 [ 22 29 ] 0 2 0 [ 19 26 ] 0 2 0 [ 9 35 ] 1 1 0 [ 19 36 ] 1 1 0 [ 19 35 ] 1 1 0 [ 35 37 ] 1 1 0 [ 21 38 ] 1 1 0 [ -25 -34 ] 1 1 0 [ 1 10 ] 1 1 0 [ -27 -30 ] 0 2 0 [ -4 -40 ] 1 1 0 [ 2 9 ] 0 2 0 [ 23 35 ] 2 0 0 [ 22 26 ] 0 2 0 [ 1 19 ] 1 1 0 [ -4 -15 ] 0 2 0 [ -6 -17 ] 1 1 0 [ -7 -13 ] 1 1 0 [ 14 23 ] 2 0 0 [ 22 39 ] 1 1 0 [ -20 -40 ] 2 0 0 [ -6 -25 ] 1 1 0 [ -24 -40 ] 1 1 0 [ -15 -30 ] 0 2 0 [ -4 -25 ] 1 1 0 [ 2 8 ] 0 2 0 [ 1 39 ] 2 0 0 [ -13 -33 ] 1 1 0 [ -7 -20 ] 1 1 0 [ -16 -27 ] 0 2 0 [ 2 18 ] 0 2 0 [ -20 -33 ] 1 1 0 [ 2 26 ] 0 2 0 [ 9 14 ] 1 1 0 [ 12 19 ] 0 2 0 