283709: {38 }
283710: {25 }
283711: {23 }
283712: {4 }
283713: {34 }
283714: {13 }
283715: {21 }
283716: {15 }
283717: {35 }
283718: {30 }
283719: {27 }
283720: {33 }
283721: {6 }
283722: {3 }
283723: {24 }
283724: {40 }
283725: {39 }
283726: {1 }
283727: {16 }
283728: {28 }
283729: {8 }
283730: {20 }
283731: {32 }
283732: {11 }
283733: {18 }
283734: {41 }
283735: {5 }
283736: {10 }
283737: {9 }
283738: {36 }
283739: {14 }
283740: {29 }
283741: {7 }
283742: {2 }
283743: {12 }
283744: {19 }
283745: {37 }
283746: {17 }
283747: {31 }
283748: {26 }
283749: {22 }
[ 8 12 ] 1 1 0 [ -19 -23 ] 1 1 0 [ 3 40 ] 2 0 0 [ -17 -39 ] 1 1 0 [ -14 -29 ] 1 1 0 [ 31 33 ] 2 0 0 [ 9 40 ] 1 1 0 [ 15 32 ] 1 1 0 [ 6 36 ] 1 1 0 [ 9 35 ] 1 1 0 [ -16 -30 ] 0 2 0 [ -16 -38 ] 0 2 0 [ 7 8 ] 2 0 0 [ 7 27 ] 2 0 0 [ 3 32 ] 1 1 0 [ -4 -25 ] 2 0 0 [ -4 -14 ] 2 0 0 [ 6 21 ] 1 1 0 [ 5 36 ] 1 1 0 [ -10 -20 ] 1 1 0 [ 7 36 ] 2 0 0 [ 27 36 ] 2 0 0 [ 31 40 ] 2 0 0 [ -19 -30 ] 0 2 0 [ 9 34 ] 1 1 0 [ 2 32 ] 1 1 0 [ 2 3 ] 2 0 0 [ 15 34 ] 2 0 0 [ -11 -13 ] 0 2 0 [ 18 21 ] 1 1 0 [ 18 32 ] 0 2 0 [ -19 -25 ] 1 1 0 [ -22 -28 ] 1 1 0 [ 1 7 ] 1 1 0 [ -17 -30 ] 1 1 0 [ -11 -26 ] 1 1 0 [ 2 15 ] 2 0 0 [ -10 -28 ] 1 1 0 [ 33 35 ] 2 0 0 [ 15 33 ] 2 0 0 [ -25 -38 ] 1 1 0 [ 7 40 ] 2 0 0 [ 27 31 ] 2 0 0 [ 3 5 ] 1 1 0 [ 5 34 ] 1 1 0 [ 8 40 ] 2 0 0 [ -11 -29 ] 0 2 0 [ -4 -17 ] 2 0 0 [ -10 -14 ] 2 0 0 [ 8 27 ] 2 0 0 [ 32 35 ] 1 1 0 [ 33 34 ] 2 0 0 [ 3 8 ] 2 0 0 [ -23 -29 ] 1 1 0 [ 12 33 ] 1 1 0 [ -16 -22 ] 1 1 0 [ 6 18 ] 0 2 0 [ -30 -41 ] 1 1 0 [ -13 -23 ] 1 1 0 [ 12 15 ] 1 1 0 [ -24 -38 ] 1 1 0 [ 2 40 ] 2 0 0 [ 3 21 ] 2 0 0 [ -17 -29 ] 1 1 0 [ 5 27 ] 1 1 0 [ 8 18 ] 1 1 0 [ 7 34 ] 2 0 0 [ -13 -14 ] 1 1 0 [ -17 -28 ] 1 1 0 [ -11 -39 ] 0 2 0 [ 8 36 ] 2 0 0 [ 8 21 ] 2 0 0 [ 21 27 ] 2 0 0 [ -13 -25 ] 1 1 0 [ 5 33 ] 1 1 0 [ 1 21 ] 1 1 0 [ 32 37 ] 0 2 0 [ 33 37 ] 1 1 0 [ 12 21 ] 1 1 0 [ -26 -30 ] 1 1 0 [ 7 12 ] 1 1 0 [ 15 21 ] 2 0 0 [ -26 -38 ] 1 1 0 [ -4 -13 ] 1 1 0 [ -10 -25 ] 2 0 0 [ -19 -38 ] 0 2 0 [ 32 33 ] 1 1 0 [ 3 37 ] 1 1 0 [ -13 -24 ] 1 1 0 [ -17 -26 ] 2 0 0 [ 2 18 ] 1 1 0 [ 1 3 ] 1 1 0 [ 1 37 ] 0 2 0 [ -10 -17 ] 2 0 0 [ 2 9 ] 1 1 0 [ -23 -38 ] 1 1 0 [ -11 -16 ] 0 2 0 [ -16 -20 ] 0 2 0 [ -28 -30 ] 0 2 0 [ -11 -17 ] 1 1 0 [ -20 -24 ] 1 1 0 [ -16 -28 ] 0 2 0 [ 32 40 ] 1 1 0 [ 12 35 ] 1 1 0 [ -14 -16 ] 1 1 0 [ 9 21 ] 1 1 0 [ -14 -28 ] 1 1 0 [ 35 40 ] 2 0 0 [ 18 40 ] 1 1 0 [ -4 -30 ] 1 1 0 [ 34 36 ] 2 0 0 [ -24 -29 ] 1 1 0 [ 21 37 ] 1 1 0 [ 2 8 ] 2 0 0 [ -16 -24 ] 1 1 0 [ 2 36 ] 2 0 0 [ 18 37 ] 0 2 0 [ -4 -38 ] 1 1 0 [ 35 36 ] 2 0 0 [ -29 -38 ] 0 2 0 [ 7 33 ] 2 0 0 [ -25 -28 ] 1 1 0 [ -23 -28 ] 1 1 0 [ -25 -30 ] 1 1 0 [ 3 9 ] 1 1 0 [ -16 -29 ] 0 2 0 [ 2 31 ] 2 0 0 [ -30 -39 ] 0 2 0 [ 1 9 ] 0 2 0 [ -26 -28 ] 1 1 0 [ 3 35 ] 2 0 0 [ 6 35 ] 1 1 0 [ 5 15 ] 1 1 0 [ -19 -41 ] 1 1 0 [ -20 -26 ] 1 1 0 [ -17 -20 ] 1 1 0 [ 6 33 ] 1 1 0 [ 7 15 ] 2 0 0 [ -14 -30 ] 1 1 0 [ 6 12 ] 0 2 0 [ -25 -29 ] 1 1 0 [ 18 35 ] 1 1 0 [ 27 37 ] 1 1 0 [ 5 37 ] 0 2 0 [ 1 2 ] 1 1 0 [ 3 12 ] 1 1 0 [ 36 40 ] 2 0 0 [ -25 -41 ] 2 0 0 [ -20 -38 ] 0 2 0 [ -14 -22 ] 2 0 0 [ -20 -29 ] 0 2 0 [ -17 -38 ] 1 1 0 [ 15 37 ] 1 1 0 [ -19 -29 ] 0 2 0 [ -19 -20 ] 0 2 0 [ -11 -28 ] 0 2 0 [ -17 -24 ] 2 0 0 [ 1 35 ] 1 1 0 [ 3 7 ] 2 0 0 [ -11 -41 ] 1 1 0 [ -39 -41 ] 1 1 0 [ 9 37 ] 0 2 0 [ -22 -30 ] 1 1 0 [ -14 -19 ] 1 1 0 [ 15 18 ] 1 1 0 [ 31 32 ] 1 1 0 [ 36 37 ] 1 1 0 [ -24 -28 ] 1 1 0 [ 5 9 ] 0 2 0 [ 6 31 ] 1 1 0 [ -26 -39 ] 1 1 0 [ -4 -26 ] 2 0 0 [ -20 -28 ] 0 2 0 [ -11 -38 ] 0 2 0 [ 1 31 ] 1 1 0 [ -11 -25 ] 1 1 0 [ 9 36 ] 1 1 0 [ -13 -26 ] 1 1 0 [ 18 36 ] 1 1 0 [ 12 32 ] 0 2 0 [ -10 -11 ] 1 1 0 [ 7 21 ] 2 0 0 [ 2 34 ] 2 0 0 [ -28 -39 ] 0 2 0 [ -28 -38 ] 0 2 0 [ -4 -11 ] 1 1 0 [ 2 7 ] 2 0 0 [ -10 -22 ] 2 0 0 [ 5 31 ] 1 1 0 [ -24 -39 ] 1 1 0 [ -13 -19 ] 0 2 0 [ 27 35 ] 2 0 0 [ -14 -25 ] 2 0 0 [ -14 -41 ] 2 0 0 [ 21 32 ] 1 1 0 [ -19 -22 ] 1 1 0 [ -16 -39 ] 0 2 0 [ 37 40 ] 1 1 0 [ 33 40 ] 2 0 0 [ 6 32 ] 0 2 0 [ -13 -17 ] 1 1 0 [ -4 -24 ] 2 0 0 [ -25 -26 ] 2 0 0 [ 5 7 ] 1 1 0 [ 8 33 ] 2 0 0 [ 21 31 ] 2 0 0 [ 18 33 ] 1 1 0 [ -38 -39 ] 0 2 0 [ -17 -22 ] 2 0 0 [ -13 -30 ] 0 2 0 [ -19 -28 ] 0 2 0 [ -14 -24 ] 2 0 0 [ 21 40 ] 2 0 0 [ 3 33 ] 2 0 0 [ 6 34 ] 1 1 0 [ 12 40 ] 1 1 0 [ -4 -23 ] 2 0 0 [ -13 -22 ] 1 1 0 [ -38 -41 ] 1 1 0 [ 7 9 ] 1 1 0 [ -4 -39 ] 1 1 0 [ 1 8 ] 1 1 0 [ 1 27 ] 1 1 0 [ 35 37 ] 1 1 0 [ -22 -24 ] 2 0 0 [ 2 35 ] 2 0 0 [ 21 34 ] 2 0 0 [ 5 40 ] 1 1 0 [ -11 -19 ] 0 2 0 [ -4 -10 ] 2 0 0 [ 3 18 ] 1 1 0 [ 8 31 ] 2 0 0 [ 5 32 ] 0 2 0 [ 5 6 ] 0 2 0 [ 2 21 ] 2 0 0 [ 27 33 ] 2 0 0 [ -29 -41 ] 1 1 0 [ 15 35 ] 2 0 0 [ -16 -19 ] 0 2 0 [ 18 27 ] 1 1 0 [ 8 32 ] 1 1 0 [ -11 -24 ] 1 1 0 [ -29 -30 ] 0 2 0 [ 9 27 ] 1 1 0 [ 1 15 ] 1 1 0 [ 2 27 ] 2 0 0 [ 31 36 ] 2 0 0 [ -16 -17 ] 1 1 0 [ 12 27 ] 1 1 0 [ -19 -39 ] 0 2 0 [ -24 -25 ] 2 0 0 [ -28 -41 ] 1 1 0 [ 8 9 ] 1 1 0 [ 3 31 ] 2 0 0 [ -10 -19 ] 1 1 0 [ 12 31 ] 1 1 0 [ -16 -23 ] 1 1 0 [ 27 32 ] 1 1 0 [ -4 -29 ] 1 1 0 [ -10 -16 ] 1 1 0 [ -10 -26 ] 2 0 0 [ -13 -16 ] 0 2 0 [ -14 -20 ] 1 1 0 [ -11 -14 ] 1 1 0 [ -19 -24 ] 1 1 0 [ -24 -41 ] 2 0 0 [ 34 35 ] 2 0 0 [ -13 -28 ] 0 2 0 [ -22 -25 ] 2 0 0 [ 32 34 ] 1 1 0 [ -24 -30 ] 1 1 0 [ 12 37 ] 0 2 0 [ 5 35 ] 1 1 0 [ 9 18 ] 0 2 0 [ -22 -38 ] 1 1 0 [ -26 -41 ] 2 0 0 [ -11 -22 ] 1 1 0 [ -28 -29 ] 0 2 0 [ -16 -41 ] 1 1 0 [ 32 36 ] 1 1 0 [ -10 -39 ] 1 1 0 [ -25 -39 ] 1 1 0 [ 31 37 ] 1 1 0 [ -14 -39 ] 1 1 0 [ 5 18 ] 0 2 0 [ 5 21 ] 1 1 0 [ 8 15 ] 2 0 0 [ -11 -23 ] 1 1 0 [ -4 -19 ] 1 1 0 [ -20 -39 ] 0 2 0 [ -17 -41 ] 2 0 0 [ 34 37 ] 1 1 0 [ 7 31 ] 2 0 0 [ -19 -26 ] 1 1 0 [ 9 15 ] 1 1 0 [ 3 6 ] 1 1 0 [ -23 -25 ] 2 0 0 [ 2 6 ] 1 1 0 [ 9 33 ] 1 1 0 [ 1 18 ] 0 2 0 [ 1 32 ] 0 2 0 [ -14 -38 ] 1 1 0 [ -10 -30 ] 1 1 0 [ 31 35 ] 2 0 0 [ -17 -25 ] 2 0 0 [ 3 15 ] 2 0 0 [ 27 40 ] 2 0 0 [ 7 18 ] 1 1 0 [ 8 37 ] 1 1 0 [ -22 -26 ] 2 0 0 [ 6 15 ] 1 1 0 [ -10 -13 ] 1 1 0 [ 7 35 ] 2 0 0 [ -10 -23 ] 2 0 0 [ -14 -26 ] 2 0 0 [ 1 33 ] 1 1 0 [ 15 27 ] 2 0 0 [ -4 -22 ] 2 0 0 [ -11 -30 ] 0 2 0 [ -16 -26 ] 1 1 0 [ 5 8 ] 1 1 0 [ -22 -23 ] 2 0 0 [ -29 -39 ] 0 2 0 [ 6 7 ] 1 1 0 [ -30 -38 ] 0 2 0 [ 1 40 ] 1 1 0 [ -22 -39 ] 1 1 0 [ 12 18 ] 0 2 0 [ 6 27 ] 1 1 0 [ -10 -38 ] 1 1 0 [ 6 37 ] 0 2 0 [ -10 -29 ] 1 1 0 [ 7 37 ] 1 1 0 [ -11 -20 ] 0 2 0 [ -4 -28 ] 1 1 0 [ 9 31 ] 1 1 0 [ -13 -41 ] 1 1 0 [ -23 -26 ] 2 0 0 [ 15 40 ] 2 0 0 [ -20 -25 ] 1 1 0 [ -14 -23 ] 2 0 0 [ -23 -24 ] 2 0 0 [ 9 32 ] 0 2 0 [ 18 34 ] 1 1 0 [ -23 -41 ] 2 0 0 [ 3 34 ] 2 0 0 [ 1 6 ] 0 2 0 [ 15 36 ] 2 0 0 [ 12 34 ] 1 1 0 [ 2 12 ] 1 1 0 [ -17 -19 ] 1 1 0 [ -4 -20 ] 1 1 0 [ 6 8 ] 1 1 0 [ 6 9 ] 0 2 0 [ 3 27 ] 2 0 0 [ 2 37 ] 1 1 0 [ 34 40 ] 2 0 0 [ -24 -26 ] 2 0 0 [ 1 5 ] 0 2 0 [ 5 12 ] 0 2 0 [ 15 31 ] 2 0 0 [ 1 12 ] 0 2 0 [ -10 -41 ] 2 0 0 [ 1 36 ] 1 1 0 [ 6 40 ] 1 1 0 [ -20 -41 ] 1 1 0 [ -13 -39 ] 0 2 0 [ 3 36 ] 2 0 0 [ 21 33 ] 2 0 0 [ -10 -24 ] 2 0 0 [ 8 35 ] 2 0 0 [ 31 34 ] 2 0 0 [ -23 -30 ] 1 1 0 [ 9 12 ] 0 2 0 [ 12 36 ] 1 1 0 [ 7 32 ] 1 1 0 [ -14 -17 ] 2 0 0 [ 2 5 ] 1 1 0 [ -13 -29 ] 0 2 0 [ 33 36 ] 2 0 0 [ 21 35 ] 2 0 0 [ 1 34 ] 1 1 0 [ -17 -23 ] 2 0 0 [ -20 -23 ] 1 1 0 [ -20 -22 ] 1 1 0 [ -13 -38 ] 0 2 0 [ 18 31 ] 1 1 0 [ -4 -16 ] 1 1 0 [ -23 -39 ] 1 1 0 [ -22 -29 ] 1 1 0 [ 2 33 ] 2 0 0 [ 8 34 ] 2 0 0 [ -22 -41 ] 2 0 0 [ -13 -20 ] 0 2 0 [ -20 -30 ] 0 2 0 [ -26 -29 ] 1 1 0 [ -4 -41 ] 2 0 0 [ 27 34 ] 2 0 0 [ -16 -25 ] 1 1 0 [ 21 36 ] 2 0 0 