341917: {37 35 40 29 24 13 33 }
341918: {15 27 31 26 25 23 }
341919: {1 7 9 28 17 8 }
341920: {34 38 14 30 }
341921: {19 11 21 43 22 }
341922: {42 41 20 32 36 }
341923: {10 6 4 2 }
341924: {12 18 }
341925: {39 }
341926: {16 5 }
341927: {3 }
[ 13 34 ] 1 1 0 [ 34 41 ] 2 0 0 [ -2 -31 ] 1 1 0 [ 33 38 ] 2 0 0 [ 14 17 ] 0 2 0 [ 18 38 ] 1 1 0 [ -6 -25 ] 1 1 0 [ -4 -7 ] 2 0 0 [ 19 37 ] 1 1 0 [ 17 34 ] 1 1 0 [ 13 39 ] 1 1 0 [ 13 20 ] 0 2 0 [ -11 -23 ] 1 1 0 [ -4 -30 ] 1 1 0 [ -5 -10 ] 2 0 0 [ 20 38 ] 1 1 0 [ 15 40 ] 1 1 0 [ 20 37 ] 1 1 0 [ 18 36 ] 1 1 0 [ 12 41 ] 1 1 0 [ 19 36 ] 1 1 0 [ 14 33 ] 1 1 0 [ -7 -26 ] 1 1 0 [ 18 37 ] 1 1 0 [ 20 39 ] 1 1 0 [ -3 -32 ] 1 1 0 [ 22 41 ] 1 1 0 [ 21 34 ] 1 1 0 [ -3 -28 ] 1 1 0 [ 13 43 ] 0 2 0 [ 14 42 ] 1 1 0 [ -9 -23 ] 1 1 0 [ 22 36 ] 1 1 0 [ 13 38 ] 1 1 0 [ -8 -26 ] 1 1 0 [ -5 -30 ] 1 1 0 [ -3 -9 ] 2 0 0 [ -3 -25 ] 1 1 0 [ 18 41 ] 1 1 0 [ 12 43 ] 0 2 0 [ 13 42 ] 1 1 0 [ 13 22 ] 0 2 0 [ 19 34 ] 1 1 0 [ -3 -26 ] 1 1 0 [ 36 43 ] 1 1 0 [ -6 -28 ] 1 1 0 [ 12 21 ] 0 2 0 [ -5 -31 ] 1 1 0 [ -2 -32 ] 1 1 0 [ 12 37 ] 1 1 0 [ -9 -26 ] 1 1 0 [ 13 18 ] 0 2 0 [ -4 -29 ] 1 1 0 [ -10 -25 ] 1 1 0 [ 16 39 ] 1 1 0 [ 14 39 ] 1 1 0 [ -10 -27 ] 1 1 0 [ -10 -29 ] 1 1 0 [ 21 38 ] 1 1 0 [ 34 43 ] 1 1 0 [ -6 -31 ] 1 1 0 [ 16 33 ] 1 1 0 [ -10 -24 ] 1 1 0 [ 19 33 ] 1 1 0 [ 16 19 ] 0 2 0 [ 17 37 ] 1 1 0 [ -5 -7 ] 2 0 0 [ 18 21 ] 0 2 0 [ -1 -32 ] 1 1 0 [ -11 -24 ] 1 1 0 [ 20 43 ] 0 2 0 [ -3 -10 ] 2 0 0 [ -7 -32 ] 1 1 0 [ 35 42 ] 2 0 0 [ 14 43 ] 0 2 0 [ -8 -25 ] 1 1 0 [ 16 17 ] 0 2 0 [ 22 35 ] 1 1 0 [ -10 -23 ] 1 1 0 [ 12 42 ] 1 1 0 [ 21 35 ] 1 1 0 [ -6 -7 ] 2 0 0 [ -5 -26 ] 1 1 0 [ 17 22 ] 0 2 0 [ -8 -31 ] 1 1 0 [ 21 36 ] 1 1 0 [ 13 36 ] 1 1 0 [ 19 38 ] 1 1 0 [ -1 -6 ] 2 0 0 [ 16 35 ] 1 1 0 [ 22 37 ] 1 1 0 [ 12 22 ] 0 2 0 [ -6 -9 ] 2 0 0 [ 19 20 ] 0 2 0 [ 17 38 ] 1 1 0 [ 21 39 ] 1 1 0 [ -26 -29 ] 0 2 0 [ -23 -32 ] 0 2 0 [ -2 -29 ] 1 1 0 [ 17 43 ] 0 2 0 [ 20 33 ] 1 1 0 [ -6 -23 ] 1 1 0 [ 35 41 ] 2 0 0 [ -11 -28 ] 1 1 0 [ -1 -30 ] 1 1 0 [ -9 -30 ] 1 1 0 [ -4 -11 ] 2 0 0 [ 16 41 ] 1 1 0 [ 12 35 ] 1 1 0 [ 16 42 ] 1 1 0 [ 22 34 ] 1 1 0 [ 19 42 ] 1 1 0 [ -7 -27 ] 1 1 0 [ 19 41 ] 1 1 0 [ 21 33 ] 1 1 0 [ 12 19 ] 0 2 0 [ -24 -31 ] 0 2 0 [ -1 -31 ] 1 1 0 [ -3 -4 ] 2 0 0 [ 17 42 ] 1 1 0 [ -4 -23 ] 1 1 0 [ 38 39 ] 2 0 0 [ 12 38 ] 1 1 0 [ 16 43 ] 0 2 0 [ -9 -24 ] 1 1 0 [ 18 33 ] 1 1 0 [ 38 41 ] 2 0 0 [ 14 41 ] 1 1 0 [ -2 -9 ] 2 0 0 [ -11 -26 ] 1 1 0 [ 33 43 ] 1 1 0 [ 14 20 ] 0 2 0 [ 17 35 ] 1 1 0 [ 35 36 ] 2 0 0 [ -9 -27 ] 1 1 0 [ 33 42 ] 2 0 0 [ -1 -10 ] 2 0 0 [ -7 -25 ] 1 1 0 [ -2 -5 ] 2 0 0 [ -3 -31 ] 1 1 0 [ 37 39 ] 2 0 0 [ 14 37 ] 1 1 0 [ -4 -27 ] 1 1 0 [ 37 42 ] 2 0 0 [ -27 -28 ] 0 2 0 [ -2 -27 ] 1 1 0 [ -11 -25 ] 1 1 0 [ -7 -24 ] 1 1 0 [ 14 36 ] 1 1 0 [ -8 -23 ] 1 1 0 [ -1 -27 ] 1 1 0 [ -2 -11 ] 2 0 0 [ 21 42 ] 1 1 0 [ -5 -28 ] 1 1 0 [ 20 35 ] 1 1 0 [ -8 -27 ] 1 1 0 [ 22 33 ] 1 1 0 [ 16 18 ] 0 2 0 [ -25 -30 ] 0 2 0 [ -2 -25 ] 1 1 0 [ 36 39 ] 2 0 0 [ 13 41 ] 1 1 0 [ 18 43 ] 0 2 0 [ 22 39 ] 1 1 0 [ 18 35 ] 1 1 0 [ 34 37 ] 2 0 0 [ 20 34 ] 1 1 0 [ -6 -29 ] 1 1 0 [ 14 21 ] 0 2 0 [ -1 -26 ] 1 1 0 [ 12 39 ] 1 1 0 [ 16 34 ] 1 1 0 [ -1 -11 ] 2 0 0 [ 17 36 ] 1 1 0 [ -4 -31 ] 1 1 0 [ -5 -23 ] 1 1 0 