1142011: {70 10 123 225 19 233 113 112 111 174 173 192 159 198 18 244 156 202 146 189 94 188 184 101 193 195 58 42 211 63 187 }
1142012: {227 207 44 87 99 12 49 104 212 77 216 205 107 203 229 144 235 206 82 91 132 128 98 15 43 236 53 226 168 13 }
1142013: {210 153 222 5 179 185 41 85 250 170 52 140 248 121 119 108 127 34 116 228 79 234 110 178 65 240 172 196 224 }
1142014: {23 114 167 220 103 137 118 214 177 166 125 59 84 55 223 194 97 136 176 37 100 88 134 115 2 105 28 180 81 154 }
1142015: {182 155 26 231 95 30 14 60 93 165 126 171 129 237 163 102 33 230 149 83 120 247 27 217 186 }
1142016: {197 51 71 40 73 32 8 67 66 232 48 239 141 56 190 201 133 29 175 243 135 17 45 96 62 }
1142017: {47 7 145 150 6 245 20 221 3 36 213 64 219 54 1 46 215 246 161 74 89 139 204 69 16 86 }
1142018: {191 90 147 72 57 158 92 160 169 164 68 35 31 124 181 199 122 22 39 218 109 117 200 }
1142019: {9 131 157 21 241 209 106 148 152 75 183 25 130 24 }
1142020: {4 151 38 50 208 76 162 142 78 11 249 143 }
1142021: {238 80 242 61 138 }
[ -60 -77 -34 ] 2 1 0 [ 85 -128 97 ] 2 1 0 [ -162 -193 237 ] 1 2 0 [ 243 85 95 ] 2 1 0 [ -32 61 176 ] 1 2 0 [ 187 61 -234 ] 1 2 0 [ 119 -48 203 ] 2 1 0 