1176736: {87 208 278 151 31 50 129 25 104 30 262 44 132 110 186 219 223 141 78 221 174 242 211 111 107 16 9 106 114 133 51 273 184 4 40 82 206 }
1176737: {279 173 237 245 213 17 204 180 61 96 139 86 189 126 205 26 136 102 152 169 119 153 62 109 7 146 15 187 127 35 161 10 158 214 59 143 }
1176738: {260 287 89 175 277 181 231 74 249 45 113 270 142 240 176 98 172 100 288 263 65 71 148 130 116 178 72 77 258 140 41 230 69 99 199 5 247 1 }
1176739: {179 220 121 254 234 157 118 144 185 95 154 92 233 27 29 66 21 190 232 283 182 236 160 212 188 3 138 101 124 85 300 166 54 76 282 68 }
1176740: {164 250 194 137 226 28 123 128 58 108 248 259 24 81 289 253 91 290 272 49 243 198 225 83 183 2 70 239 75 266 }
1176741: {93 256 145 159 193 261 18 84 295 80 112 103 147 60 67 79 195 14 275 43 177 294 150 218 216 284 149 252 117 227 297 }
1176742: {268 241 257 200 292 135 265 264 235 202 167 32 13 293 63 210 23 274 280 170 255 271 171 90 115 155 229 222 33 196 }
1176743: {46 156 57 34 125 201 48 209 281 299 12 38 207 246 276 192 285 88 42 238 53 291 56 197 }
1176744: {52 203 39 37 191 55 228 47 22 224 131 217 163 134 73 97 267 269 162 }
1176745: {8 94 165 298 120 251 36 105 122 6 286 20 11 }
1176746: {296 244 168 19 64 }
1176747: {215 }
[ 116 -29 -81 ] 2 1 0 [ 66 -231 -223 ] 1 2 0 [ -123 68 97 ] 2 1 0 [ 166 -146 221 ] 1 2 0 [ -199 -173 -11 ] 2 1 0 [ 147 -74 124 ] 2 1 0 [ -248 275 204 ] 2 1 0 [ -191 -6 -76 ] 1 2 0 