1149794: {112 5 107 57 99 27 158 105 117 226 34 180 146 73 186 121 6 168 83 178 187 163 3 198 64 235 156 }
1149795: {85 60 208 68 181 179 62 90 203 176 189 76 237 17 94 143 11 92 233 225 91 71 159 142 67 51 149 183 }
1149796: {38 48 75 78 213 153 205 89 124 223 130 169 140 88 141 228 185 108 119 231 167 43 84 239 135 212 188 174 24 }
1149797: {81 162 55 25 101 160 211 243 93 115 250 14 100 33 37 127 138 246 26 21 12 134 148 54 152 66 30 86 111 }
1149798: {118 144 206 219 116 59 220 9 145 61 150 13 32 147 249 56 4 154 234 1 44 230 196 227 195 204 133 247 }
1149799: {8 122 207 166 139 97 199 63 131 126 50 238 200 190 35 161 120 136 39 2 192 132 217 123 170 125 }
1149800: {173 15 23 232 19 74 129 113 46 47 70 248 10 103 209 151 106 72 175 53 222 102 157 241 }
1149801: {197 95 216 109 218 236 214 165 201 193 182 28 96 155 110 82 244 22 18 242 104 }
1149802: {172 224 49 52 45 191 229 202 65 98 128 29 20 245 40 177 87 79 36 }
1149803: {164 194 41 80 210 42 7 31 69 16 58 184 137 171 }
1149804: {221 77 114 240 }
1149805: {215 }
[ -200 53 -55 ] 2 1 0 [ -220 71 146 ] 2 1 0 [ -162 -69 223 ] 3 0 0 [ -141 -86 35 ] 2 1 0 [ 38 102 96 ] 1 2 0 [ 61 67 -97 ] 2 1 0 [ -30 99 -106 ] 1 2 0 