1184386: {49 263 228 232 293 157 175 288 50 60 134 23 24 101 159 268 292 141 1 118 215 193 3 204 223 265 72 92 250 55 214 30 6 }
1184387: {272 91 39 11 46 28 148 273 266 280 10 106 21 122 61 178 289 219 127 283 29 254 5 261 93 194 151 154 41 282 241 27 14 }
1184388: {172 111 76 132 117 12 126 73 69 236 85 252 7 260 297 287 205 53 150 137 226 196 240 242 164 216 108 238 165 128 188 35 57 87 }
1184389: {47 129 103 262 270 65 284 218 276 113 63 62 120 70 121 278 109 135 94 125 163 89 179 110 221 19 257 124 248 247 83 180 16 225 }
1184390: {230 298 285 59 208 78 251 144 81 190 43 171 170 256 104 18 176 64 52 246 105 210 40 34 197 15 100 161 201 220 206 275 }
1184391: {259 123 90 181 237 71 48 146 294 184 222 235 86 82 153 186 119 277 102 98 149 79 173 68 140 56 80 209 195 }
1184392: {116 224 183 36 279 177 155 51 42 32 198 212 67 192 233 88 182 286 22 291 217 138 95 2 203 38 147 136 }
1184393: {166 185 44 130 187 158 296 199 45 139 271 253 231 239 37 227 167 202 112 20 152 243 77 25 114 168 }
1184394: {269 13 145 143 244 160 169 133 162 281 107 290 96 31 258 4 295 245 97 255 }
1184395: {274 207 8 26 17 115 200 229 300 299 33 84 213 58 66 264 74 54 }
1184396: {191 131 156 99 174 9 211 142 249 189 234 }
1184397: {75 267 }
[ -267 206 -25 ] 2 1 0 [ -204 -110 43 ] 2 1 0 [ -58 -67 225 ] 3 0 0 [ 68 -2 278 ] 1 2 0 [ 223 11 -218 ] 2 1 0 [ 13 167 211 ] 1 2 0 [ -144 -55 294 ] 1 2 0 [ 97 -165 -72 ] 2 1 0 [ 201 300 167 ] 2 1 0 [ -244 51 121 ] 2 1 0 [ 79 -282 -218 ] 2 1 0 [ 160 277 -292 ] 1 2 0 