390163: {32 39 19 20 22 }
390164: {18 36 9 }
390165: {16 4 38 31 21 }
390166: {40 5 10 14 3 }
390167: {35 2 17 }
390168: {41 15 }
390169: {6 23 29 }
390170: {1 26 11 24 }
390171: {37 30 }
390172: {13 }
390173: {8 7 33 }
390174: {34 }
390175: {12 27 25 }
390176: {42 }
390177: {28 }
[ -9 -10 ] 1 1 0 [ 8 20 ] 1 1 0 [ 7 11 ] 1 1 0 [ -5 -13 ] 1 1 0 [ 1 22 ] 1 1 0 [ 24 27 ] 0 2 0 [ -2 -34 ] 2 0 0 [ 26 31 ] 1 1 0 [ 1 25 ] 0 2 0 [ -30 -41 ] 2 0 0 [ 4 28 ] 2 0 0 [ 20 27 ] 0 2 0 [ -5 -23 ] 2 0 0 [ 11 38 ] 1 1 0 [ -6 -10 ] 1 1 0 [ -5 -30 ] 2 0 0 [ -6 -40 ] 1 1 0 [ -3 -29 ] 1 1 0 [ -18 -40 ] 1 1 0 [ -5 -17 ] 2 0 0 [ 4 22 ] 2 0 0 [ 11 31 ] 1 1 0 [ 20 31 ] 1 1 0 [ -15 -30 ] 2 0 0 [ 7 39 ] 2 0 0 [ -13 -37 ] 1 1 0 [ 19 28 ] 2 0 0 [ -17 -36 ] 1 1 0 [ 12 32 ] 0 2 0 [ -2 -3 ] 2 0 0 [ -37 -41 ] 2 0 0 [ -2 -10 ] 2 0 0 [ 27 33 ] 1 1 0 [ 8 39 ] 2 0 0 [ -2 -29 ] 1 1 0 [ -29 -35 ] 1 1 0 [ 32 38 ] 1 1 0 [ -30 -36 ] 1 1 0 [ 11 16 ] 1 1 0 [ 19 27 ] 1 1 0 [ 16 22 ] 2 0 0 [ 22 31 ] 2 0 0 [ -14 -30 ] 2 0 0 [ -17 -23 ] 2 0 0 [ -17 -37 ] 2 0 0 [ 25 39 ] 1 1 0 [ 22 33 ] 2 0 0 [ -29 -34 ] 1 1 0 [ -10 -29 ] 1 1 0 [ -5 -29 ] 1 1 0 [ 20 28 ] 1 1 0 [ -9 -34 ] 1 1 0 [ -6 -15 ] 1 1 0 [ 24 33 ] 1 1 0 [ 1 32 ] 0 2 0 [ 11 32 ] 0 2 0 [ 8 31 ] 2 0 0 [ 11 20 ] 0 2 0 [ -2 -42 ] 2 0 0 [ 11 21 ] 1 1 0 [ -29 -41 ] 1 1 0 [ 27 39 ] 1 1 0 [ -9 -37 ] 1 1 0 [ 32 33 ] 1 1 0 [ 11 39 ] 1 1 0 [ -18 -29 ] 0 2 0 [ 22 24 ] 1 1 0 [ -15 -42 ] 2 0 0 [ 1 39 ] 1 1 0 [ -23 -41 ] 2 0 0 [ -5 -18 ] 1 1 0 [ -29 -42 ] 1 1 0 [ -9 -30 ] 1 1 0 [ 19 31 ] 2 0 0 [ -23 -36 ] 1 1 0 [ -5 -36 ] 1 1 0 [ 21 28 ] 2 0 0 [ -15 -35 ] 2 0 0 [ 12 22 ] 1 1 0 [ 7 26 ] 1 1 0 [ -2 -14 ] 2 0 0 [ -37 -42 ] 2 0 0 [ -13 -30 ] 1 1 0 [ -14 -17 ] 2 0 0 [ -14 -18 ] 1 1 0 [ 8 25 ] 1 1 0 [ -14 -23 ] 2 0 0 [ -3 -23 ] 2 0 0 [ -3 -41 ] 2 0 0 [ -34 -35 ] 2 0 0 [ -34 -42 ] 2 0 0 [ 26 39 ] 1 1 0 [ -13 -14 ] 1 1 0 [ 4 39 ] 2 0 0 [ 12 28 ] 1 1 0 [ 7 28 ] 2 0 0 [ -17 -41 ] 2 0 0 [ 31 33 ] 2 0 0 [ 19 24 ] 1 1 0 [ 1 12 ] 0 2 0 [ 27 31 ] 1 1 0 [ 1 16 ] 1 1 0 [ -13 -18 ] 0 2 0 [ -34 -36 ] 1 1 0 [ 1 8 ] 1 1 0 [ 11 33 ] 1 1 0 [ -15 -18 ] 1 1 0 [ 31 39 ] 2 0 0 [ 16 39 ] 2 0 0 [ -13 -34 ] 1 1 0 [ -10 -36 ] 1 1 0 [ -5 -42 ] 2 0 0 [ 16 19 ] 2 0 0 [ -17 -42 ] 2 0 0 [ 7 31 ] 2 0 0 [ -17 -34 ] 2 0 0 [ 28 39 ] 2 0 0 [ -13 -41 ] 1 1 0 [ -10 -23 ] 2 0 0 [ 12 20 ] 0 2 0 [ 1 20 ] 0 2 0 [ 20 21 ] 1 1 0 [ 21 26 ] 1 1 0 [ -13 -36 ] 0 2 0 [ -5 -15 ] 2 0 0 [ 19 38 ] 2 0 0 [ 28 33 ] 2 0 0 [ -6 -34 ] 1 1 0 [ -9 -15 ] 1 1 0 [ 8 12 ] 1 1 0 [ -18 -30 ] 1 1 0 [ 19 25 ] 1 1 0 [ -5 -9 ] 1 1 0 [ 8 26 ] 1 1 0 [ -2 -5 ] 2 0 0 [ -14 -41 ] 2 0 0 [ -18 -42 ] 1 1 0 [ -10 -34 ] 2 0 0 [ -10 -42 ] 2 0 0 [ 21 25 ] 1 1 0 [ 22 25 ] 1 1 0 [ 16 28 ] 2 0 0 [ -3 -13 ] 1 1 0 [ 16 24 ] 1 1 0 [ -17 -29 ] 1 1 0 [ -15 -23 ] 2 0 0 [ 11 27 ] 0 2 0 [ 8 24 ] 1 1 0 [ -13 -35 ] 1 1 0 [ -23 -35 ] 2 0 0 [ 4 25 ] 1 1 0 [ 1 38 ] 1 1 0 [ 12 33 ] 1 1 0 [ 8 28 ] 2 0 0 [ 7 20 ] 1 1 0 [ 12 21 ] 1 1 0 [ 21 39 ] 2 0 0 [ -2 -13 ] 1 1 0 [ -2 -30 ] 2 0 0 [ -3 -9 ] 1 1 0 [ 12 19 ] 1 1 0 [ -3 -6 ] 1 1 0 [ -9 -13 ] 0 2 0 [ -9 -35 ] 1 1 0 [ 4 19 ] 2 0 0 [ -9 -23 ] 1 1 0 [ 11 25 ] 0 2 0 [ -14 -42 ] 2 0 0 [ 4 33 ] 2 0 0 [ -5 -41 ] 2 0 0 [ 1 33 ] 1 1 0 [ 1 31 ] 1 1 0 [ -6 -30 ] 1 1 0 [ -34 -40 ] 2 0 0 [ -13 -42 ] 1 1 0 [ -13 -17 ] 1 1 0 [ -35 -42 ] 2 0 0 [ 20 38 ] 1 1 0 [ -3 -42 ] 2 0 0 [ -2 -15 ] 2 0 0 [ -17 -30 ] 2 0 0 [ -6 -18 ] 0 2 0 [ -13 -15 ] 1 1 0 [ -15 -36 ] 1 1 0 [ 7 32 ] 1 1 0 [ 28 32 ] 1 1 0 [ 25 38 ] 1 1 0 [ 8 38 ] 2 0 0 [ 4 20 ] 1 1 0 [ 4 12 ] 1 1 0 [ 22 28 ] 2 0 0 [ 20 26 ] 0 2 0 [ 27 32 ] 0 2 0 [ 16 20 ] 1 1 0 [ -2 -36 ] 1 1 0 [ -13 -29 ] 0 2 0 [ 25 26 ] 0 2 0 [ -6 -14 ] 1 1 0 [ -15 -29 ] 1 1 0 [ -5 -35 ] 2 0 0 [ -10 -18 ] 1 1 0 [ 8 22 ] 2 0 0 [ 4 7 ] 2 0 0 [ 16 27 ] 1 1 0 [ -5 -6 ] 1 1 0 [ 12 16 ] 1 1 0 [ 25 31 ] 1 1 0 [ -15 -40 ] 2 0 0 [ -30 -34 ] 2 0 0 [ 12 26 ] 0 2 0 [ 25 33 ] 1 1 0 [ -6 -35 ] 1 1 0 [ -3 -17 ] 2 0 0 [ -9 -14 ] 1 1 0 [ -3 -30 ] 2 0 0 [ -6 -17 ] 1 1 0 [ 26 33 ] 1 1 0 [ 7 16 ] 2 0 0 [ 20 25 ] 0 2 0 [ 19 26 ] 1 1 0 [ 21 32 ] 1 1 0 [ 21 24 ] 1 1 0 [ 8 27 ] 1 1 0 [ 21 33 ] 2 0 0 [ 1 21 ] 1 1 0 [ 4 27 ] 1 1 0 [ 1 19 ] 1 1 0 [ 8 11 ] 1 1 0 [ -29 -36 ] 0 2 0 [ 28 31 ] 2 0 0 [ 12 31 ] 1 1 0 [ 24 39 ] 1 1 0 [ -10 -35 ] 2 0 0 [ -18 -35 ] 1 1 0 [ -18 -34 ] 1 1 0 [ 24 31 ] 1 1 0 [ -9 -42 ] 1 1 0 [ -36 -41 ] 1 1 0 [ -14 -37 ] 2 0 0 [ 20 24 ] 0 2 0 [ 21 27 ] 1 1 0 [ 22 27 ] 1 1 0 [ -3 -37 ] 2 0 0 [ -6 -13 ] 0 2 0 [ 22 26 ] 1 1 0 [ 1 27 ] 0 2 0 [ -3 -35 ] 2 0 0 [ 7 38 ] 2 0 0 [ 16 26 ] 1 1 0 [ 22 38 ] 2 0 0 [ -6 -41 ] 1 1 0 [ 24 32 ] 0 2 0 [ 28 38 ] 2 0 0 [ -2 -23 ] 2 0 0 [ -37 -40 ] 2 0 0 [ -10 -37 ] 2 0 0 [ -2 -41 ] 2 0 0 [ -13 -40 ] 1 1 0 [ 25 32 ] 0 2 0 [ -9 -41 ] 1 1 0 [ 12 39 ] 1 1 0 [ 12 38 ] 1 1 0 [ -2 -40 ] 2 0 0 [ -6 -42 ] 1 1 0 [ 16 32 ] 1 1 0 [ -18 -23 ] 1 1 0 [ -17 -40 ] 2 0 0 [ 1 28 ] 1 1 0 [ 26 38 ] 1 1 0 [ 7 24 ] 1 1 0 [ -9 -40 ] 1 1 0 [ -23 -42 ] 2 0 0 [ -2 -37 ] 2 0 0 [ 11 22 ] 1 1 0 [ -35 -41 ] 2 0 0 [ -18 -41 ] 1 1 0 [ 19 21 ] 2 0 0 [ 24 38 ] 1 1 0 [ -3 -15 ] 2 0 0 [ -23 -34 ] 2 0 0 [ -34 -41 ] 2 0 0 [ -34 -37 ] 2 0 0 [ 16 25 ] 1 1 0 [ 11 19 ] 1 1 0 [ 20 33 ] 1 1 0 [ -14 -29 ] 1 1 0 [ -3 -34 ] 2 0 0 [ -3 -36 ] 1 1 0 [ 8 21 ] 2 0 0 [ 8 16 ] 2 0 0 [ 33 38 ] 2 0 0 [ -10 -30 ] 2 0 0 [ -30 -40 ] 2 0 0 [ -10 -17 ] 2 0 0 [ -5 -37 ] 2 0 0 [ 7 22 ] 2 0 0 [ 4 32 ] 1 1 0 [ -2 -18 ] 1 1 0 [ 27 38 ] 1 1 0 [ -30 -35 ] 2 0 0 [ -23 -37 ] 2 0 0 [ 7 21 ] 2 0 0 [ 1 7 ] 1 1 0 [ -30 -42 ] 2 0 0 [ 26 32 ] 0 2 0 [ 16 33 ] 2 0 0 [ -10 -13 ] 1 1 0 [ -3 -18 ] 1 1 0 [ -15 -37 ] 2 0 0 [ -23 -40 ] 2 0 0 [ -18 -37 ] 1 1 0 [ -36 -42 ] 1 1 0 [ 12 24 ] 0 2 0 [ -14 -36 ] 1 1 0 [ 33 39 ] 2 0 0 [ -9 -17 ] 1 1 0 [ 4 8 ] 2 0 0 [ -6 -36 ] 0 2 0 [ -35 -40 ] 2 0 0 [ -13 -23 ] 1 1 0 [ 8 32 ] 1 1 0 [ -14 -35 ] 2 0 0 [ -6 -37 ] 1 1 0 [ 11 28 ] 1 1 0 [ -36 -40 ] 1 1 0 [ -5 -34 ] 2 0 0 [ -15 -17 ] 2 0 0 [ -29 -40 ] 1 1 0 [ -9 -29 ] 0 2 0 