373618: {16 23 8 6 13 36 3 2 27 1 }
373619: {9 7 24 4 14 17 28 37 }
373620: {31 29 25 }
373621: {18 15 19 }
373622: {34 22 11 12 }
373623: {32 33 35 }
373624: {40 38 39 }
373625: {5 21 20 }
373626: {26 30 }
373627: {10 }
[ -5 -36 ] 1 1 0 [ -16 -20 ] 1 1 0 [ -23 -33 ] 1 1 0 [ -6 -11 ] 1 1 0 [ -5 -34 ] 0 2 0 [ 10 14 ] 0 2 0 [ -6 -22 ] 1 1 0 [ -12 -23 ] 1 1 0 [ 17 30 ] 1 1 0 [ -6 -35 ] 1 1 0 [ -21 -27 ] 1 1 0 [ -20 -23 ] 1 1 0 [ 4 18 ] 1 1 0 [ -11 -27 ] 1 1 0 [ -8 -11 ] 1 1 0 [ -5 -16 ] 1 1 0 [ -21 -34 ] 0 2 0 [ -5 -22 ] 0 2 0 [ -21 -36 ] 1 1 0 [ 9 39 ] 1 1 0 [ -13 -34 ] 1 1 0 [ 19 40 ] 1 1 0 [ 19 38 ] 0 2 0 [ 7 39 ] 0 2 0 [ 9 25 ] 1 1 0 [ -6 -20 ] 1 1 0 [ 14 29 ] 0 2 0 [ 30 40 ] 1 1 0 [ -11 -33 ] 0 2 0 [ 9 30 ] 1 1 0 [ 25 30 ] 0 2 0 [ -16 -21 ] 1 1 0 [ -3 -12 ] 1 1 0 [ 18 37 ] 1 1 0 [ -5 -23 ] 1 1 0 [ -2 -12 ] 1 1 0 [ -12 -20 ] 0 2 0 [ -8 -35 ] 1 1 0 [ 17 26 ] 2 0 0 [ -11 -21 ] 0 2 0 [ -5 -6 ] 1 1 0 [ 26 28 ] 2 0 0 [ 28 39 ] 1 1 0 [ 10 39 ] 0 2 0 [ 26 38 ] 1 1 0 [ 4 26 ] 2 0 0 [ 17 25 ] 1 1 0 [ -13 -22 ] 1 1 0 [ -2 -34 ] 1 1 0 [ 15 28 ] 1 1 0 [ -1 -22 ] 1 1 0 [ 18 28 ] 1 1 0 [ -21 -23 ] 1 1 0 [ 4 25 ] 1 1 0 [ -20 -34 ] 0 2 0 [ -13 -33 ] 1 1 0 [ 24 30 ] 1 1 0 [ 17 31 ] 2 0 0 [ 25 37 ] 1 1 0 [ -6 -12 ] 1 1 0 [ 4 29 ] 1 1 0 [ -6 -32 ] 1 1 0 [ -2 -35 ] 1 1 0 [ 4 15 ] 1 1 0 [ 10 28 ] 1 1 0 [ -3 -22 ] 1 1 0 [ 25 39 ] 0 2 0 [ -12 -35 ] 0 2 0 [ -2 -33 ] 1 1 0 [ 30 37 ] 1 1 0 [ 9 15 ] 1 1 0 [ 15 37 ] 1 1 0 [ -35 -36 ] 1 1 0 [ -3 -33 ] 1 1 0 [ 19 31 ] 1 1 0 [ -3 -35 ] 1 1 0 [ 4 31 ] 2 0 0 [ -2 -22 ] 1 1 0 [ -1 -21 ] 1 1 0 [ -20 -27 ] 1 1 0 [ -22 -27 ] 1 1 0 [ 28 38 ] 1 1 0 [ 17 39 ] 1 1 0 [ -8 -34 ] 1 1 0 [ 14 18 ] 0 2 0 [ 9 18 ] 1 1 0 [ -22 -36 ] 1 1 0 [ -20 -36 ] 1 1 0 [ -27 -33 ] 1 1 0 [ -13 -35 ] 1 1 0 [ 14 38 ] 0 2 0 [ 10 26 ] 1 1 0 [ 15 40 ] 1 1 0 [ -2 -5 ] 1 1 0 [ -1 -32 ] 1 1 0 [ -1 -12 ] 1 1 0 [ -34 -36 ] 1 1 0 [ -3 -5 ] 1 1 0 [ 26 29 ] 1 1 0 [ -8 -12 ] 1 1 0 [ -21 -32 ] 0 2 0 [ -12 -36 ] 1 1 0 [ -8 -33 ] 1 1 0 [ 17 40 ] 2 0 0 [ 4 19 ] 1 1 0 [ 24 38 ] 1 1 0 [ -13 -21 ] 1 1 0 [ -22 -32 ] 0 2 0 [ 15 17 ] 1 1 0 [ 28 40 ] 2 0 0 [ -11 -13 ] 1 1 0 [ 7 40 ] 1 1 0 [ -6 -34 ] 1 1 0 [ 9 31 ] 2 0 0 [ -16 -33 ] 1 1 0 [ 18 40 ] 1 1 0 [ -3 -32 ] 1 1 0 [ 26 37 ] 2 0 0 [ -16 -35 ] 1 1 0 [ -22 -23 ] 1 1 0 [ -20 -33 ] 0 2 0 [ -8 -22 ] 1 1 0 [ 9 38 ] 1 1 0 [ 18 30 ] 0 2 0 [ 19 24 ] 1 1 0 [ -32 -36 ] 1 1 0 [ -11 -16 ] 1 1 0 [ -8 -32 ] 1 1 0 [ -5 -13 ] 1 1 0 [ -1 -20 ] 1 1 0 [ 9 40 ] 2 0 0 [ 30 38 ] 0 2 0 [ -1 -5 ] 1 1 0 [ 29 40 ] 1 1 0 [ 17 38 ] 1 1 0 [ -16 -34 ] 1 1 0 [ -23 -34 ] 1 1 0 [ -5 -27 ] 1 1 0 [ 4 39 ] 1 1 0 [ -16 -32 ] 1 1 0 [ 29 37 ] 1 1 0 [ 10 17 ] 1 1 0 [ 15 24 ] 1 1 0 [ -23 -32 ] 1 1 0 [ 9 26 ] 2 0 0 [ -22 -33 ] 0 2 0 [ 29 39 ] 0 2 0 [ -8 -21 ] 1 1 0 [ -12 -13 ] 1 1 0 [ -23 -35 ] 1 1 0 [ -8 -20 ] 1 1 0 [ -5 -8 ] 1 1 0 [ 17 29 ] 1 1 0 [ 31 37 ] 2 0 0 [ 14 25 ] 0 2 0 [ 14 31 ] 1 1 0 [ 25 28 ] 1 1 0 [ 18 39 ] 0 2 0 [ -3 -34 ] 1 1 0 [ 24 29 ] 1 1 0 [ -2 -11 ] 1 1 0 [ -13 -32 ] 1 1 0 [ 10 19 ] 0 2 0 [ 9 29 ] 1 1 0 [ 19 28 ] 1 1 0 [ 10 31 ] 1 1 0 [ -2 -20 ] 1 1 0 [ 7 30 ] 0 2 0 [ -11 -23 ] 1 1 0 [ 18 26 ] 1 1 0 [ -11 -35 ] 0 2 0 [ 10 30 ] 0 2 0 [ -3 -21 ] 1 1 0 [ 31 39 ] 1 1 0 [ -1 -35 ] 1 1 0 [ -1 -34 ] 1 1 0 [ -13 -20 ] 1 1 0 [ 4 10 ] 1 1 0 [ 19 25 ] 0 2 0 [ 10 37 ] 1 1 0 [ 19 29 ] 0 2 0 [ -3 -11 ] 1 1 0 [ 24 39 ] 1 1 0 [ 14 40 ] 1 1 0 [ -1 -33 ] 1 1 0 [ 9 19 ] 1 1 0 [ 4 38 ] 1 1 0 [ -16 -22 ] 1 1 0 [ 18 31 ] 1 1 0 [ -6 -33 ] 1 1 0 [ 4 30 ] 1 1 0 [ -33 -36 ] 1 1 0 [ -6 -21 ] 1 1 0 [ 7 19 ] 0 2 0 [ -12 -16 ] 1 1 0 [ -11 -36 ] 1 1 0 [ 19 37 ] 1 1 0 [ 7 26 ] 1 1 0 [ -2 -21 ] 1 1 0 [ 18 24 ] 1 1 0 [ -27 -32 ] 1 1 0 [ 31 38 ] 1 1 0 [ 15 31 ] 1 1 0 [ -12 -32 ] 0 2 0 [ 7 31 ] 1 1 0 [ 10 24 ] 1 1 0 [ -3 -20 ] 1 1 0 [ -5 -35 ] 0 2 0 [ -27 -34 ] 1 1 0 [ -12 -27 ] 1 1 0 [ -27 -35 ] 1 1 0 [ -1 -11 ] 1 1 0 [ 4 40 ] 2 0 0 [ 10 40 ] 1 1 0 [ -2 -32 ] 1 1 0 