458602: {3 6 37 39 41 40 }
458603: {22 12 11 2 }
458604: {32 21 20 19 24 }
458605: {7 38 13 4 5 }
458606: {14 16 15 9 }
458607: {29 28 18 33 43 30 }
458608: {17 31 34 42 27 }
458609: {26 36 23 25 }
458610: {35 10 }
458611: {1 8 }
[ -1 -7 ] 1 1 0 [ 32 36 ] 1 1 0 [ -1 -5 ] 1 1 0 [ -1 -15 ] 1 1 0 [ -1 -40 ] 1 1 0 [ -13 -39 ] 2 0 0 [ -8 -12 ] 0 2 0 [ -12 -38 ] 1 1 0 [ 26 28 ] 2 0 0 [ -3 -9 ] 2 0 0 [ -10 -37 ] 1 1 0 [ 24 30 ] 1 1 0 [ -2 -8 ] 0 2 0 [ 17 33 ] 2 0 0 [ -14 -37 ] 1 1 0 [ 11 43 ] 2 0 0 [ -13 -41 ] 2 0 0 [ -3 -13 ] 2 0 0 [ -3 -38 ] 2 0 0 [ -16 -38 ] 2 0 0 [ 19 43 ] 1 1 0 [ 21 27 ] 1 1 0 [ 22 24 ] 1 1 0 [ -35 -39 ] 2 0 0 [ -3 -4 ] 2 0 0 [ -10 -41 ] 2 0 0 [ -6 -9 ] 2 0 0 [ -6 -35 ] 2 0 0 [ 29 31 ] 2 0 0 [ 18 23 ] 2 0 0 [ -2 -10 ] 1 1 0 [ -2 -16 ] 1 1 0 [ -4 -40 ] 2 0 0 [ 21 31 ] 2 0 0 [ 20 36 ] 2 0 0 [ -7 -14 ] 2 0 0 [ -10 -39 ] 2 0 0 [ -7 -35 ] 2 0 0 [ 24 34 ] 1 1 0 [ 24 43 ] 1 1 0 [ 21 30 ] 2 0 0 [ -15 -39 ] 2 0 0 [ 20 30 ] 2 0 0 [ 25 34 ] 2 0 0 [ 11 30 ] 2 0 0 [ 11 29 ] 2 0 0 [ -12 -41 ] 1 1 0 [ -4 -9 ] 2 0 0 [ 24 42 ] 1 1 0 [ -16 -35 ] 2 0 0 [ -7 -39 ] 2 0 0 [ -8 -37 ] 0 2 0 [ -2 -4 ] 1 1 0 [ -1 -4 ] 1 1 0 [ 22 27 ] 1 1 0 [ -16 -39 ] 2 0 0 [ 28 34 ] 2 0 0 [ 19 33 ] 1 1 0 [ -2 -5 ] 1 1 0 [ -2 -15 ] 1 1 0 [ -2 -6 ] 1 1 0 [ 25 31 ] 2 0 0 [ -15 -41 ] 2 0 0 [ 23 43 ] 2 0 0 [ -35 -41 ] 2 0 0 [ -1 -35 ] 1 1 0 [ -1 -16 ] 1 1 0 [ 17 21 ] 2 0 0 [ 17 43 ] 2 0 0 [ -37 -38 ] 1 1 0 [ -15 -35 ] 2 0 0 [ -8 -13 ] 1 1 0 [ -1 -14 ] 1 1 0 [ -6 -13 ] 2 0 0 [ 19 25 ] 1 1 0 [ -7 -9 ] 2 0 0 [ 29 36 ] 2 0 0 [ 25 32 ] 1 1 0 [ 21 23 ] 2 0 0 [ 18 25 ] 2 0 0 [ 17 25 ] 2 0 0 [ -3 -8 ] 1 1 0 [ -10 -40 ] 2 0 0 [ -10 -16 ] 2 0 0 [ 25 42 ] 2 0 0 [ 18 42 ] 2 0 0 [ -14 -41 ] 2 0 0 [ -10 -38 ] 2 0 0 [ 27 33 ] 1 1 0 [ 26 43 ] 2 0 0 [ -5 -9 ] 2 0 0 [ -8 -39 ] 1 1 0 [ -14 -40 ] 2 0 0 [ 24 33 ] 1 1 0 [ -12 -35 ] 1 1 0 [ -35 -38 ] 2 0 0 [ -7 -10 ] 2 0 0 [ 31 43 ] 2 0 0 [ 24 36 ] 1 1 0 [ 21 28 ] 2 0 0 [ -4 -35 ] 2 0 0 [ -1 -41 ] 1 1 0 [ 11 24 ] 1 1 0 [ 29 42 ] 2 0 0 [ -15 -38 ] 2 0 0 [ -5 -35 ] 2 0 0 [ -13 -37 ] 1 1 0 [ -4 -12 ] 1 1 0 [ -4 -10 ] 2 0 0 [ 19 29 ] 1 1 0 [ -16 -37 ] 1 1 0 [ -12 -13 ] 1 1 0 [ 23 29 ] 2 0 0 [ -4 -37 ] 1 1 0 [ 19 30 ] 1 1 0 [ 18 19 ] 1 1 0 [ -9 -38 ] 2 0 0 [ -10 -14 ] 2 0 0 [ -8 -35 ] 1 1 0 [ 17 26 ] 2 0 0 [ -8 -40 ] 1 1 0 [ 23 33 ] 2 0 0 [ 18 31 ] 2 0 0 [ -2 -41 ] 1 1 0 [ -14 -35 ] 2 0 0 [ 33 42 ] 2 0 0 [ 11 28 ] 2 0 0 [ -2 -38 ] 1 1 0 [ 30 36 ] 2 0 0 [ 11 27 ] 1 1 0 [ -16 -40 ] 2 0 0 [ 28 36 ] 2 0 0 [ 17 24 ] 1 1 0 [ -8 -38 ] 1 1 0 [ 23 42 ] 2 0 0 [ 23 32 ] 1 1 0 [ 26 42 ] 2 0 0 [ -9 -37 ] 1 1 0 [ 22 32 ] 1 1 0 [ -1 -6 ] 1 1 0 [ -1 -38 ] 1 1 0 [ 21 42 ] 2 0 0 [ -5 -16 ] 2 0 0 [ -8 -10 ] 1 1 0 [ -8 -16 ] 1 1 0 [ 26 33 ] 2 0 0 [ -10 -13 ] 2 0 0 [ 27 36 ] 1 1 0 [ -5 -10 ] 2 0 0 [ -14 -38 ] 2 0 0 [ -1 -39 ] 1 1 0 [ -8 -41 ] 1 1 0 [ 11 20 ] 2 0 0 [ -1 -13 ] 1 1 0 [ 17 29 ] 2 0 0 [ -8 -14 ] 1 1 0 [ 26 32 ] 1 1 0 [ 25 27 ] 1 1 0 [ -2 -39 ] 1 1 0 [ -13 -35 ] 2 0 0 [ 20 29 ] 2 0 0 [ -9 -13 ] 2 0 0 [ 11 32 ] 1 1 0 [ -8 -15 ] 1 1 0 [ 19 28 ] 1 1 0 [ -2 -7 ] 1 1 0 [ -6 -10 ] 2 0 0 [ 18 36 ] 2 0 0 [ 18 27 ] 1 1 0 [ -7 -8 ] 1 1 0 [ 11 42 ] 2 0 0 [ -13 -40 ] 2 0 0 [ -5 -41 ] 2 0 0 [ -6 -38 ] 2 0 0 [ 25 43 ] 2 0 0 [ 20 27 ] 1 1 0 [ -12 -40 ] 1 1 0 [ -2 -40 ] 1 1 0 [ 27 43 ] 1 1 0 [ -15 -37 ] 1 1 0 [ -2 -14 ] 1 1 0 [ 24 31 ] 1 1 0 [ 22 28 ] 2 0 0 [ -1 -10 ] 1 1 0 [ 17 23 ] 2 0 0 [ 18 24 ] 1 1 0 [ 18 26 ] 2 0 0 [ 23 34 ] 2 0 0 [ -12 -39 ] 1 1 0 [ 22 29 ] 2 0 0 [ 20 26 ] 2 0 0 [ 30 32 ] 1 1 0 [ -9 -12 ] 1 1 0 [ 17 36 ] 2 0 0 [ -2 -13 ] 1 1 0 [ 20 34 ] 2 0 0 [ -4 -15 ] 2 0 0 [ -2 -35 ] 1 1 0 [ 26 31 ] 2 0 0 