480861: {41 29 32 28 }
480862: {8 18 7 }
480863: {10 22 12 }
480864: {13 4 11 }
480865: {23 27 37 35 }
480866: {5 19 1 }
480867: {26 30 14 }
480868: {34 20 24 25 21 }
480869: {9 16 6 15 }
480870: {3 17 }
480871: {38 31 }
480872: {2 36 }
480873: {39 }
480874: {40 }
480875: {33 }
[ -10 -40 ] 0 2 0 [ -12 -37 ] 2 0 0 [ 11 21 ] 1 1 0 [ -17 -22 ] 1 1 0 [ -12 -30 ] 2 0 0 [ -17 -40 ] 0 2 0 [ 18 19 ] 2 0 0 [ 31 41 ] 1 1 0 [ -8 -15 ] 1 1 0 [ -1 -27 ] 1 1 0 [ 16 36 ] 2 0 0 [ -10 -26 ] 1 1 0 [ -1 -29 ] 0 2 0 [ 24 31 ] 1 1 0 [ -3 -22 ] 1 1 0 [ -1 -40 ] 0 2 0 [ 4 9 ] 1 1 0 [ 7 9 ] 2 0 0 [ -6 -17 ] 1 1 0 [ 36 41 ] 2 0 0 [ -13 -26 ] 2 0 0 [ 9 25 ] 2 0 0 [ -6 -22 ] 2 0 0 [ -22 -40 ] 1 1 0 [ 7 41 ] 2 0 0 [ 11 28 ] 1 1 0 [ -5 -26 ] 2 0 0 [ 2 28 ] 1 1 0 [ -8 -30 ] 1 1 0 [ 7 28 ] 2 0 0 [ 4 20 ] 1 1 0 [ -13 -35 ] 2 0 0 [ 18 33 ] 2 0 0 [ -14 -17 ] 1 1 0 [ 4 21 ] 1 1 0 [ -15 -22 ] 2 0 0 [ -14 -22 ] 2 0 0 [ -1 -13 ] 1 1 0 [ -22 -26 ] 2 0 0 [ -22 -35 ] 2 0 0 [ 28 33 ] 2 0 0 [ -10 -15 ] 1 1 0 [ 4 31 ] 0 2 0 [ -6 -30 ] 2 0 0 [ 2 39 ] 1 1 0 [ -23 -30 ] 2 0 0 [ 19 34 ] 1 1 0 [ -14 -23 ] 2 0 0 [ 24 33 ] 2 0 0 [ -5 -23 ] 2 0 0 [ 11 41 ] 1 1 0 [ 4 28 ] 1 1 0 [ 7 24 ] 2 0 0 [ -17 -23 ] 1 1 0 [ 18 39 ] 2 0 0 [ 11 25 ] 1 1 0 [ 34 38 ] 1 1 0 [ 19 36 ] 2 0 0 [ 9 39 ] 2 0 0 [ -10 -23 ] 1 1 0 [ -15 -37 ] 2 0 0 [ 4 25 ] 1 1 0 [ 20 32 ] 2 0 0 [ -3 -10 ] 0 2 0 [ 11 34 ] 0 2 0 [ 28 31 ] 1 1 0 [ -5 -29 ] 1 1 0 [ -10 -17 ] 0 2 0 [ 19 21 ] 2 0 0 [ 39 41 ] 2 0 0 [ 11 33 ] 1 1 0 [ 18 34 ] 1 1 0 [ -22 -37 ] 2 0 0 [ -3 -27 ] 1 1 0 [ 19 38 ] 2 0 0 [ 32 39 ] 2 0 0 [ -6 -29 ] 1 1 0 [ -8 -26 ] 1 1 0 [ -1 -6 ] 1 1 0 [ 24 41 ] 2 0 0 [ -29 -35 ] 1 1 0 [ -10 -35 ] 1 1 0 [ 32 34 ] 1 1 0 [ 32 38 ] 2 0 0 [ -13 -30 ] 2 0 0 [ -15 -35 ] 2 0 0 [ -14 -35 ] 2 0 0 [ 16 20 ] 2 0 0 [ 33 39 ] 2 0 0 [ 20 33 ] 2 0 0 [ 2 33 ] 1 1 0 [ 11 36 ] 1 1 0 [ 9 20 ] 2 0 0 [ 9 31 ] 1 1 0 [ 4 39 ] 1 1 0 [ 2 24 ] 1 1 0 [ 9 34 ] 1 1 0 [ 16 18 ] 2 0 0 [ -26 -37 ] 2 0 0 [ -8 -37 ] 1 1 0 [ 34 41 ] 1 1 0 [ -15 -40 ] 1 1 0 [ -5 -8 ] 1 1 0 [ 2 32 ] 1 1 0 [ 11 38 ] 1 1 0 [ -10 -29 ] 0 2 0 [ -5 -40 ] 1 1 0 [ -23 -26 ] 2 0 0 [ -23 -29 ] 1 1 0 [ 21 36 ] 2 0 0 [ 4 24 ] 1 1 0 [ -3 -13 ] 1 1 0 [ 11 16 ] 1 1 0 [ 16 21 ] 2 0 0 [ -30 -40 ] 1 1 0 [ -22 -27 ] 2 0 0 [ -1 -37 ] 1 1 0 [ -3 -26 ] 1 1 0 [ 21 39 ] 2 0 0 [ 19 31 ] 1 1 0 [ -23 -40 ] 1 1 0 [ 32 33 ] 2 0 0 [ 20 39 ] 2 0 0 [ 19 39 ] 2 0 0 [ -26 -29 ] 1 1 0 [ 18 28 ] 2 0 0 [ 7 33 ] 2 0 0 [ -8 -12 ] 1 1 0 [ 25 41 ] 2 0 0 [ -27 -30 ] 2 0 0 [ 7 21 ] 2 0 0 [ 2 16 ] 1 1 0 [ -6 -23 ] 2 0 0 [ 18 36 ] 2 0 0 [ 20 38 ] 2 0 0 [ 25 36 ] 2 0 0 [ 20 28 ] 2 0 0 [ 2 21 ] 1 1 0 [ -1 -15 ] 1 1 0 [ 9 32 ] 2 0 0 [ -14 -29 ] 1 1 0 [ 7 25 ] 2 0 0 [ -27 -29 ] 1 1 0 [ -6 -27 ] 2 0 0 [ 18 24 ] 2 0 0 [ -13 -40 ] 1 1 0 [ 36 39 ] 2 0 0 [ -5 -22 ] 2 0 0 [ -22 -30 ] 2 0 0 [ -8 -23 ] 1 1 0 [ -17 -35 ] 1 1 0 [ 7 34 ] 1 1 0 [ -10 -37 ] 1 1 0 [ 16 31 ] 1 1 0 [ -13 -37 ] 2 0 0 [ 19 24 ] 2 0 0 [ -14 -40 ] 1 1 0 [ -1 -30 ] 1 1 0 [ 2 31 ] 0 2 0 [ 24 32 ] 2 0 0 [ -6 -8 ] 1 1 0 [ 4 19 ] 1 1 0 [ -6 -14 ] 2 0 0 [ -1 -14 ] 1 1 0 [ 2 25 ] 1 1 0 [ 4 41 ] 1 1 0 [ -3 -14 ] 1 1 0 [ 11 24 ] 1 1 0 [ -5 -27 ] 2 0 0 [ 7 32 ] 2 0 0 [ 18 41 ] 2 0 0 [ 16 38 ] 2 0 0 [ -10 -27 ] 1 1 0 [ 11 39 ] 1 1 0 [ 9 28 ] 2 0 0 [ 19 33 ] 2 0 0 [ 18 38 ] 2 0 0 [ 33 34 ] 1 1 0 [ 19 25 ] 2 0 0 [ 28 34 ] 1 1 0 [ 18 25 ] 2 0 0 [ -14 -37 ] 2 0 0 [ -8 -10 ] 0 2 0 [ -17 -27 ] 1 1 0 [ -1 -22 ] 1 1 0 [ -26 -40 ] 1 1 0 [ 2 18 ] 1 1 0 [ -17 -26 ] 1 1 0 [ -17 -37 ] 1 1 0 [ 9 38 ] 2 0 0 [ -3 -29 ] 0 2 0 [ 16 41 ] 2 0 0 [ -1 -23 ] 1 1 0 [ 34 39 ] 1 1 0 [ 9 21 ] 2 0 0 [ -1 -17 ] 0 2 0 [ -5 -10 ] 1 1 0 [ 31 39 ] 1 1 0 [ -8 -27 ] 1 1 0 [ -8 -22 ] 1 1 0 [ -15 -17 ] 1 1 0 [ 4 18 ] 1 1 0 [ -22 -29 ] 1 1 0 [ -3 -40 ] 0 2 0 [ 19 20 ] 2 0 0 [ -10 -13 ] 1 1 0 [ 25 31 ] 1 1 0 [ 9 33 ] 2 0 0 [ -6 -26 ] 2 0 0 [ 31 36 ] 1 1 0 [ 9 36 ] 2 0 0 [ 4 32 ] 1 1 0 [ -5 -30 ] 2 0 0 [ -12 -35 ] 2 0 0 [ 33 38 ] 2 0 0 [ -1 -8 ] 0 2 0 [ -8 -35 ] 1 1 0 [ 4 33 ] 1 1 0 [ 21 38 ] 2 0 0 [ -8 -29 ] 0 2 0 [ 9 24 ] 2 0 0 [ -8 -13 ] 1 1 0 [ -5 -13 ] 2 0 0 [ -30 -35 ] 2 0 0 [ 21 31 ] 1 1 0 [ 2 20 ] 1 1 0 [ 16 34 ] 1 1 0 [ -13 -14 ] 2 0 0 [ 2 7 ] 1 1 0 [ -13 -23 ] 2 0 0 [ -35 -40 ] 1 1 0 [ -6 -10 ] 1 1 0 [ -3 -23 ] 1 1 0 [ -3 -30 ] 1 1 0 [ -29 -37 ] 1 1 0 [ -15 -29 ] 1 1 0 [ 7 20 ] 2 0 0 [ -12 -40 ] 1 1 0 [ 2 38 ] 1 1 0 [ -1 -26 ] 1 1 0 [ 21 28 ] 2 0 0 [ 16 39 ] 2 0 0 [ 16 33 ] 2 0 0 [ 7 11 ] 1 1 0 [ 32 36 ] 2 0 0 [ -15 -30 ] 2 0 0 [ 25 32 ] 2 0 0 [ 19 41 ] 2 0 0 [ 38 41 ] 2 0 0 [ 7 31 ] 1 1 0 