530884: {38 37 39 }
530885: {22 23 24 }
530886: {14 13 15 }
530887: {25 26 27 }
530888: {42 40 41 }
530889: {36 34 35 }
530890: {18 17 16 }
530891: {44 4 }
530892: {5 20 }
530893: {9 21 }
530894: {3 12 }
530895: {33 7 }
530896: {19 1 }
530897: {6 }
530898: {28 2 }
530899: {8 }
530900: {29 30 }
530901: {11 10 }
530902: {32 31 }
530903: {45 43 }
[ -26 -38 ] 2 0 0 [ 16 19 ] 1 1 0 [ -6 -41 ] 2 0 0 [ -25 -37 ] 2 0 0 [ 2 17 ] 2 0 0 [ -6 -40 ] 1 1 0 [ 14 19 ] 1 1 0 [ 7 29 ] 2 0 0 [ 13 45 ] 2 0 0 [ 21 32 ] 1 1 0 [ -25 -34 ] 1 1 0 [ -22 -37 ] 1 1 0 [ -23 -25 ] 2 0 0 [ -6 -11 ] 2 0 0 [ 20 28 ] 1 1 0 [ 17 31 ] 2 0 0 [ -8 -35 ] 2 0 0 [ -8 -40 ] 1 1 0 [ -27 -40 ] 1 1 0 [ 30 32 ] 1 1 0 [ 14 20 ] 1 1 0 [ 2 5 ] 1 1 0 [ 5 31 ] 1 1 0 [ -8 -23 ] 2 0 0 [ 9 13 ] 1 1 0 [ 28 44 ] 2 0 0 [ 18 30 ] 2 0 0 [ 7 13 ] 2 0 0 [ -3 -39 ] 2 0 0 [ -11 -39 ] 2 0 0 [ -26 -36 ] 1 1 0 [ -23 -27 ] 2 0 0 [ -3 -10 ] 2 0 0 [ 30 33 ] 2 0 0 [ 16 28 ] 2 0 0 [ 9 19 ] 0 2 0 [ -38 -42 ] 1 1 0 [ 14 28 ] 2 0 0 [ -8 -12 ] 2 0 0 [ 4 9 ] 0 2 0 [ -39 -41 ] 2 0 0 [ -3 -8 ] 2 0 0 [ -12 -34 ] 1 1 0 [ 29 43 ] 2 0 0 [ -26 -39 ] 2 0 0 [ -11 -25 ] 2 0 0 [ -34 -40 ] 0 2 0 [ 20 30 ] 1 1 0 [ -39 -42 ] 1 1 0 [ -36 -41 ] 1 1 0 [ -8 -26 ] 2 0 0 [ 31 43 ] 2 0 0 [ -25 -39 ] 2 0 0 [ -3 -34 ] 1 1 0 [ 19 31 ] 1 1 0 [ 9 43 ] 1 1 0 [ 14 45 ] 2 0 0 [ -1 -38 ] 2 0 0 [ -25 -41 ] 2 0 0 [ 14 30 ] 2 0 0 [ 5 17 ] 1 1 0 [ 9 29 ] 1 1 0 [ -3 -26 ] 2 0 0 [ -24 -40 ] 1 1 0 [ 29 31 ] 2 0 0 [ -22 -39 ] 1 1 0 [ 21 44 ] 2 0 0 [ 15 20 ] 1 1 0 [ 17 33 ] 2 0 0 [ -11 -24 ] 2 0 0 [ -10 -34 ] 1 1 0 [ 19 45 ] 1 1 0 [ -1 -35 ] 2 0 0 [ -36 -39 ] 1 1 0 [ 33 44 ] 2 0 0 [ -3 -35 ] 2 0 0 [ 5 33 ] 1 1 0 [ 29 32 ] 1 1 0 [ 17 44 ] 2 0 0 [ -12 -40 ] 1 1 0 [ -10 -26 ] 2 0 0 [ 5 18 ] 1 1 0 [ 19 43 ] 1 1 0 [ -36 -37 ] 1 1 0 [ 16 21 ] 2 0 0 [ -26 -41 ] 2 0 0 [ 2 29 ] 2 0 0 [ 16 29 ] 2 0 0 [ 15 33 ] 2 0 0 [ 7 14 ] 2 0 0 [ 7 44 ] 2 0 0 [ -1 -40 ] 1 1 0 [ -12 -22 ] 1 1 0 [ -11 -37 ] 2 0 0 [ 14 18 ] 2 0 0 [ 9 17 ] 1 1 0 [ -27 -41 ] 2 0 0 [ 15 19 ] 1 1 0 [ 2 43 ] 2 0 0 [ -12 -42 ] 1 1 0 [ 5 30 ] 1 1 0 [ 13 28 ] 2 0 0 [ 4 18 ] 1 1 0 [ 7 30 ] 2 0 0 [ -10 -42 ] 1 1 0 [ -24 -25 ] 2 0 0 [ 18 33 ] 2 0 0 [ -12 -24 ] 2 0 0 [ -36 -42 ] 0 2 0 [ 5 7 ] 1 1 0 [ -1 -27 ] 2 0 0 [ -26 -40 ] 1 1 0 [ -1 -12 ] 2 0 0 [ -27 -36 ] 1 1 0 [ -6 -22 ] 1 1 0 [ 9 32 ] 0 2 0 [ 13 31 ] 2 0 0 [ -22 -25 ] 1 1 0 [ -6 -36 ] 1 1 0 [ -3 -6 ] 2 0 0 [ -25 -40 ] 1 1 0 [ -23 -39 ] 2 0 0 [ 17 19 ] 1 1 0 [ 20 44 ] 1 1 0 [ 14 16 ] 2 0 0 [ 21 43 ] 2 0 0 [ 9 31 ] 1 1 0 [ 4 15 ] 1 1 0 [ 2 19 ] 1 1 0 [ 18 21 ] 2 0 0 [ -8 -11 ] 2 0 0 [ 2 4 ] 1 1 0 [ -24 -36 ] 1 1 0 [ 9 28 ] 1 1 0 [ -11 -36 ] 1 1 0 [ 14 43 ] 2 0 0 [ -27 -34 ] 1 1 0 [ -12 -39 ] 2 0 0 [ -3 -27 ] 2 0 0 [ -23 -37 ] 2 0 0 [ 28 43 ] 2 0 0 [ -10 -35 ] 2 0 0 [ -22 -38 ] 1 1 0 [ 21 31 ] 2 0 0 [ -26 -34 ] 1 1 0 [ -36 -38 ] 1 1 0 [ -8 -39 ] 2 0 0 [ -11 -23 ] 2 0 0 [ -25 -36 ] 1 1 0 [ -11 -26 ] 2 0 0 [ -11 -41 ] 2 0 0 [ -1 -23 ] 2 0 0 [ -10 -24 ] 2 0 0 [ 17 29 ] 2 0 0 [ 19 32 ] 0 2 0 [ 15 17 ] 2 0 0 [ -24 -37 ] 2 0 0 [ 7 15 ] 2 0 0 [ 18 20 ] 1 1 0 [ 2 13 ] 2 0 0 [ -8 -27 ] 2 0 0 [ -10 -36 ] 1 1 0 [ 20 31 ] 1 1 0 [ -27 -38 ] 2 0 0 [ 20 45 ] 1 1 0 [ 9 45 ] 1 1 0 [ 7 31 ] 2 0 0 [ 13 19 ] 1 1 0 [ -8 -34 ] 1 1 0 [ 13 44 ] 2 0 0 [ 2 33 ] 2 0 0 [ 13 20 ] 1 1 0 [ -24 -27 ] 2 0 0 [ 30 31 ] 2 0 0 [ -6 -24 ] 2 0 0 [ -10 -38 ] 2 0 0 [ 15 43 ] 2 0 0 [ 19 28 ] 1 1 0 [ -23 -35 ] 2 0 0 [ 16 20 ] 1 1 0 [ -1 -6 ] 2 0 0 [ 16 33 ] 2 0 0 [ -10 -25 ] 2 0 0 [ -3 -24 ] 2 0 0 [ -34 -39 ] 1 1 0 [ 18 43 ] 2 0 0 [ -6 -39 ] 2 0 0 [ 32 45 ] 1 1 0 [ 13 16 ] 2 0 0 [ -11 -27 ] 2 0 0 [ 4 43 ] 1 1 0 [ -8 -38 ] 2 0 0 [ -22 -34 ] 0 2 0 [ 4 5 ] 0 2 0 [ 20 32 ] 0 2 0 [ 7 9 ] 1 1 0 [ 31 45 ] 2 0 0 [ 16 31 ] 2 0 0 [ -10 -22 ] 1 1 0 [ 16 44 ] 2 0 0 [ 13 29 ] 2 0 0 [ -3 -36 ] 1 1 0 [ 4 21 ] 1 1 0 [ 15 32 ] 1 1 0 [ 13 18 ] 2 0 0 [ -1 -37 ] 2 0 0 [ 9 16 ] 1 1 0 [ 15 30 ] 2 0 0 [ 4 30 ] 1 1 0 [ 5 9 ] 0 2 0 [ -23 -34 ] 1 1 0 [ 5 19 ] 0 2 0 [ -11 -38 ] 2 0 0 [ 28 33 ] 2 0 0 [ 5 28 ] 1 1 0 [ 29 44 ] 2 0 0 [ 2 30 ] 2 0 0 [ -11 -35 ] 2 0 0 [ -25 -38 ] 2 0 0 [ 2 20 ] 1 1 0 [ 21 33 ] 2 0 0 [ -24 -35 ] 2 0 0 [ 15 45 ] 2 0 0 [ -27 -35 ] 2 0 0 [ -11 -22 ] 1 1 0 [ -10 -40 ] 1 1 0 [ -6 -27 ] 2 0 0 [ 20 43 ] 1 1 0 [ -8 -37 ] 2 0 0 [ -12 -41 ] 2 0 0 [ 4 16 ] 1 1 0 [ 4 14 ] 1 1 0 [ -22 -41 ] 1 1 0 [ -1 -39 ] 2 0 0 [ -3 -22 ] 1 1 0 [ 14 32 ] 1 1 0 [ -10 -41 ] 2 0 0 [ 16 32 ] 1 1 0 [ 4 28 ] 1 1 0 [ 17 43 ] 2 0 0 [ -8 -10 ] 2 0 0 [ 15 28 ] 2 0 0 [ -1 -42 ] 1 1 0 [ -36 -40 ] 0 2 0 [ 4 31 ] 1 1 0 [ 18 31 ] 2 0 0 [ 19 29 ] 1 1 0 [ 5 15 ] 1 1 0 [ 7 28 ] 2 0 0 [ 17 28 ] 2 0 0 [ -35 -39 ] 2 0 0 [ 7 18 ] 2 0 0 [ 5 21 ] 1 1 0 [ 15 21 ] 2 0 0 [ -11 -40 ] 1 1 0 [ -39 -40 ] 1 1 0 [ -3 -25 ] 2 0 0 [ 14 21 ] 2 0 0 [ -12 -38 ] 2 0 0 [ 17 21 ] 2 0 0 [ 20 29 ] 1 1 0 [ -1 -24 ] 2 0 0 [ 9 44 ] 1 1 0 [ -37 -40 ] 1 1 0 [ -38 -40 ] 1 1 0 [ 13 43 ] 2 0 0 [ 4 20 ] 0 2 0 [ -35 -42 ] 1 1 0 [ 2 18 ] 2 0 0 [ 18 44 ] 2 0 0 [ 2 21 ] 2 0 0 [ 5 16 ] 1 1 0 [ -24 -26 ] 2 0 0 [ -23 -41 ] 2 0 0 [ -35 -37 ] 2 0 0 [ 28 32 ] 1 1 0 [ 17 30 ] 2 0 0 [ -23 -40 ] 1 1 0 [ 5 44 ] 1 1 0 [ 7 17 ] 2 0 0 [ -1 -41 ] 2 0 0 [ -23 -38 ] 2 0 0 [ 4 17 ] 1 1 0 [ 29 45 ] 2 0 0 [ 30 45 ] 2 0 0 [ -10 -39 ] 2 0 0 [ -12 -26 ] 2 0 0 [ 13 30 ] 2 0 0 [ 29 33 ] 2 0 0 [ 16 43 ] 2 0 0 [ -1 -11 ] 2 0 0 [ 2 15 ] 2 0 0 [ -3 -23 ] 2 0 0 [ -24 -42 ] 1 1 0 [ 32 44 ] 1 1 0 [ 31 44 ] 2 0 0 [ 30 43 ] 2 0 0 [ 9 15 ] 1 1 0 [ -22 -40 ] 0 2 0 [ -6 -25 ] 2 0 0 [ -22 -35 ] 1 1 0 [ 4 7 ] 1 1 0 [ -1 -26 ] 2 0 0 [ 15 18 ] 2 0 0 [ 9 20 ] 0 2 0 [ 33 43 ] 2 0 0 [ -34 -38 ] 1 1 0 [ 33 45 ] 2 0 0 [ 2 45 ] 2 0 0 [ -23 -42 ] 1 1 0 [ 4 19 ] 0 2 0 [ 5 43 ] 1 1 0 [ 14 17 ] 2 0 0 [ -6 -12 ] 2 0 0 [ 21 45 ] 2 0 0 [ -11 -34 ] 1 1 0 [ 14 33 ] 2 0 0 [ 14 31 ] 2 0 0 [ -6 -8 ] 2 0 0 [ -34 -41 ] 1 1 0 [ -6 -42 ] 1 1 0 [ 2 14 ] 2 0 0 [ 4 33 ] 1 1 0 [ -12 -27 ] 2 0 0 [ -26 -35 ] 2 0 0 [ -12 -35 ] 2 0 0 [ -23 -36 ] 1 1 0 [ 5 45 ] 1 1 0 [ -24 -34 ] 1 1 0 [ -24 -38 ] 2 0 0 [ -3 -11 ] 2 0 0 [ -37 -42 ] 1 1 0 [ -35 -38 ] 2 0 0 [ -3 -42 ] 1 1 0 [ 30 44 ] 2 0 0 [ 14 44 ] 2 0 0 [ -25 -35 ] 2 0 0 [ -12 -23 ] 2 0 0 [ -12 -25 ] 2 0 0 [ -6 -34 ] 1 1 0 [ 7 32 ] 1 1 0 [ -1 -8 ] 2 0 0 [ -35 -40 ] 1 1 0 [ 19 33 ] 1 1 0 [ 2 32 ] 1 1 0 [ -8 -41 ] 2 0 0 [ -22 -26 ] 1 1 0 [ 4 32 ] 0 2 0 [ -1 -3 ] 2 0 0 [ 19 30 ] 1 1 0 [ -10 -27 ] 2 0 0 [ 9 33 ] 1 1 0 [ 7 21 ] 2 0 0 [ -6 -10 ] 2 0 0 [ -6 -37 ] 2 0 0 [ 21 30 ] 2 0 0 [ 7 43 ] 2 0 0 [ -37 -41 ] 2 0 0 [ 21 28 ] 2 0 0 [ 32 43 ] 1 1 0 [ 9 14 ] 1 1 0 [ -25 -42 ] 1 1 0 [ 18 32 ] 1 1 0 [ 16 30 ] 2 0 0 [ 15 44 ] 2 0 0 [ 15 29 ] 2 0 0 [ 17 45 ] 2 0 0 [ 2 16 ] 2 0 0 [ 13 17 ] 2 0 0 [ 7 19 ] 1 1 0 [ -8 -22 ] 1 1 0 [ 21 29 ] 2 0 0 [ -8 -25 ] 2 0 0 [ 14 29 ] 2 0 0 [ -3 -41 ] 2 0 0 [ 17 32 ] 1 1 0 [ -34 -42 ] 0 2 0 [ -10 -37 ] 2 0 0 [ -34 -37 ] 1 1 0 [ -38 -41 ] 2 0 0 [ 15 16 ] 2 0 0 [ 13 32 ] 1 1 0 [ 13 33 ] 2 0 0 [ -27 -39 ] 2 0 0 [ -12 -37 ] 2 0 0 [ -6 -23 ] 2 0 0 [ -1 -36 ] 1 1 0 [ -27 -37 ] 2 0 0 [ -10 -23 ] 2 0 0 [ 19 44 ] 1 1 0 [ 2 9 ] 1 1 0 [ -1 -34 ] 1 1 0 [ 18 29 ] 2 0 0 [ 15 31 ] 2 0 0 [ -24 -39 ] 2 0 0 [ -35 -41 ] 2 0 0 [ -11 -42 ] 1 1 0 [ -3 -38 ] 2 0 0 [ 20 33 ] 1 1 0 [ -22 -27 ] 1 1 0 [ 2 7 ] 2 0 0 [ 18 19 ] 1 1 0 [ -23 -26 ] 2 0 0 [ -24 -41 ] 2 0 0 [ -22 -36 ] 0 2 0 [ 7 20 ] 1 1 0 [ 28 45 ] 2 0 0 [ -12 -36 ] 1 1 0 [ 17 20 ] 1 1 0 [ 4 45 ] 1 1 0 [ -26 -42 ] 1 1 0 [ 16 45 ] 2 0 0 [ -22 -42 ] 0 2 0 [ 5 29 ] 1 1 0 [ 28 31 ] 2 0 0 [ -27 -42 ] 1 1 0 [ 13 21 ] 2 0 0 [ 18 28 ] 2 0 0 [ 2 44 ] 2 0 0 [ -26 -37 ] 2 0 0 [ 18 45 ] 2 0 0 [ 5 13 ] 1 1 0 