499398: {28 }
499399: {22 }
499400: {10 }
499401: {11 }
499402: {30 }
499403: {34 }
499404: {14 }
499405: {7 }
499406: {21 }
499407: {27 }
499408: {40 }
499409: {1 19 }
499410: {29 }
499411: {31 }
499412: {9 }
499413: {38 }
499414: {16 }
499415: {41 }
499416: {12 }
499417: {17 }
499418: {39 }
499419: {5 }
499420: {35 }
499421: {8 }
499422: {4 }
499423: {37 }
499424: {36 }
499425: {33 }
499426: {15 }
499427: {18 }
499428: {6 }
499429: {25 }
499430: {2 }
499431: {13 }
499432: {3 }
499433: {20 }
499434: {26 }
499435: {23 }
499436: {24 }
499437: {32 }
[ 22 30 ] 1 1 0 [ -5 -21 ] 0 2 0 [ -17 -28 ] 2 0 0 [ 4 23 ] 2 0 0 [ -10 -29 ] 1 1 0 [ -1 -15 ] 2 0 0 [ -24 -36 ] 1 1 0 [ -21 -37 ] 0 2 0 [ -2 -14 ] 1 1 0 [ 23 32 ] 2 0 0 [ -1 -2 ] 2 0 0 [ 9 18 ] 1 1 0 [ -5 -36 ] 1 1 0 [ -14 -35 ] 1 1 0 [ 4 30 ] 2 0 0 [ -7 -19 ] 1 1 0 [ 3 13 ] 1 1 0 [ 20 26 ] 1 1 0 [ 16 27 ] 0 2 0 [ 26 31 ] 0 2 0 [ 30 39 ] 2 0 0 [ 25 31 ] 0 2 0 [ 27 32 ] 1 1 0 [ 3 4 ] 2 0 0 [ -10 -37 ] 0 2 0 [ -24 -34 ] 0 2 0 [ -5 -28 ] 1 1 0 [ -21 -28 ] 1 1 0 [ -15 -21 ] 1 1 0 [ 8 38 ] 1 1 0 [ -1 -29 ] 2 0 0 [ 23 38 ] 2 0 0 [ 20 22 ] 1 1 0 [ 22 31 ] 0 2 0 [ 9 25 ] 1 1 0 [ 31 39 ] 1 1 0 [ -29 -41 ] 1 1 0 [ -17 -24 ] 1 1 0 [ 4 20 ] 2 0 0 [ -12 -40 ] 1 1 0 [ 18 33 ] 0 2 0 [ 9 27 ] 1 1 0 [ 11 23 ] 2 0 0 [ 8 23 ] 1 1 0 [ 32 39 ] 2 0 0 [ 16 18 ] 0 2 0 [ -34 -41 ] 0 2 0 [ 4 11 ] 2 0 0 [ 16 39 ] 1 1 0 [ 13 38 ] 1 1 0 [ -21 -24 ] 0 2 0 [ -28 -34 ] 1 1 0 [ 26 33 ] 0 2 0 [ 8 22 ] 0 2 0 [ 4 22 ] 1 1 0 [ -29 -37 ] 1 1 0 [ 6 30 ] 1 1 0 [ 13 23 ] 1 1 0 [ -34 -37 ] 0 2 0 [ -15 -28 ] 2 0 0 [ 9 31 ] 1 1 0 [ -35 -41 ] 1 1 0 [ -1 -28 ] 2 0 0 [ 9 23 ] 2 0 0 [ -34 -40 ] 0 2 0 [ -29 -34 ] 1 1 0 [ 4 8 ] 1 1 0 [ -28 -40 ] 1 1 0 [ 3 9 ] 2 0 0 [ -14 -24 ] 0 2 0 [ 11 13 ] 1 1 0 [ 6 23 ] 1 1 0 [ -29 -36 ] 2 0 0 [ 8 39 ] 1 1 0 [ 20 31 ] 1 1 0 [ 23 33 ] 1 1 0 [ 3 39 ] 2 0 0 [ 32 33 ] 1 1 0 [ 27 38 ] 1 1 0 [ -14 -41 ] 0 2 0 [ 8 30 ] 1 1 0 [ -15 -35 ] 2 0 0 [ -2 -41 ] 1 1 0 [ 18 32 ] 1 1 0 [ 3 25 ] 1 1 0 [ 3 30 ] 2 0 0 [ 11 38 ] 2 0 0 [ 25 30 ] 1 1 0 [ 4 18 ] 1 1 0 [ 27 39 ] 1 1 0 [ 4 31 ] 1 1 0 [ -1 -5 ] 1 1 0 [ -2 -24 ] 1 1 0 [ -10 -34 ] 0 2 0 [ 22 38 ] 1 1 0 [ -7 -28 ] 1 1 0 [ 9 39 ] 2 0 0 [ -19 -28 ] 2 0 0 [ -2 -34 ] 1 1 0 [ -1 -24 ] 1 1 0 [ -10 -14 ] 0 2 0 [ 18 31 ] 0 2 0 [ 38 39 ] 2 0 0 [ 13 31 ] 0 2 0 [ -10 -19 ] 1 1 0 [ 18 39 ] 1 1 0 [ 6 11 ] 1 1 0 [ -5 -34 ] 0 2 0 [ -14 -29 ] 1 1 0 [ 3 8 ] 1 1 0 [ -12 -34 ] 1 1 0 [ 3 33 ] 1 1 0 [ -1 -14 ] 1 1 0 [ -10 -12 ] 1 1 0 [ 22 26 ] 0 2 0 [ 18 22 ] 0 2 0 [ -36 -37 ] 1 1 0 [ 3 11 ] 2 0 0 [ -10 -28 ] 1 1 0 [ -10 -36 ] 1 1 0 [ -12 -24 ] 1 1 0 [ 8 20 ] 1 1 0 [ -17 -29 ] 2 0 0 [ -14 -37 ] 0 2 0 [ 8 33 ] 0 2 0 [ -21 -36 ] 1 1 0 [ 3 18 ] 1 1 0 [ -1 -36 ] 2 0 0 [ -28 -35 ] 2 0 0 [ -29 -40 ] 1 1 0 [ -17 -35 ] 2 0 0 [ -19 -40 ] 1 1 0 [ -24 -41 ] 0 2 0 [ -2 -19 ] 2 0 0 [ -14 -21 ] 0 2 0 [ -7 -14 ] 0 2 0 [ -7 -35 ] 1 1 0 [ -2 -15 ] 2 0 0 [ 13 26 ] 0 2 0 [ -12 -41 ] 1 1 0 [ -10 -17 ] 1 1 0 [ 4 27 ] 1 1 0 [ -2 -7 ] 1 1 0 [ -12 -29 ] 2 0 0 [ 8 26 ] 0 2 0 [ 22 32 ] 1 1 0 [ 13 30 ] 1 1 0 [ 13 27 ] 0 2 0 [ 30 38 ] 2 0 0 [ 25 27 ] 0 2 0 [ 8 31 ] 0 2 0 [ -35 -37 ] 1 1 0 [ 33 38 ] 1 1 0 [ -15 -34 ] 1 1 0 [ -34 -35 ] 1 1 0 [ -7 -36 ] 1 1 0 [ 8 18 ] 0 2 0 [ 3 23 ] 2 0 0 [ -2 -36 ] 2 0 0 [ -1 -35 ] 2 0 0 [ -1 -7 ] 1 1 0 [ -21 -34 ] 0 2 0 [ 9 33 ] 1 1 0 [ 6 16 ] 0 2 0 [ 3 20 ] 2 0 0 [ 11 33 ] 1 1 0 [ -29 -35 ] 2 0 0 [ -1 -40 ] 1 1 0 [ 11 26 ] 1 1 0 [ -5 -40 ] 0 2 0 [ 13 39 ] 1 1 0 [ 16 23 ] 1 1 0 [ -2 -17 ] 2 0 0 [ 18 25 ] 0 2 0 [ -19 -37 ] 1 1 0 [ -15 -37 ] 1 1 0 [ 8 11 ] 1 1 0 [ -21 -41 ] 0 2 0 [ 18 23 ] 1 1 0 [ -40 -41 ] 0 2 0 [ -15 -40 ] 1 1 0 [ 27 30 ] 1 1 0 [ -19 -35 ] 2 0 0 [ 13 32 ] 1 1 0 [ 13 18 ] 0 2 0 [ -21 -40 ] 0 2 0 [ -7 -12 ] 1 1 0 [ -10 -24 ] 0 2 0 [ 27 33 ] 0 2 0 [ 31 33 ] 0 2 0 [ 18 30 ] 1 1 0 [ -2 -12 ] 2 0 0 [ 4 9 ] 2 0 0 [ 4 6 ] 1 1 0 [ -17 -41 ] 1 1 0 [ 4 25 ] 1 1 0 [ 13 25 ] 0 2 0 [ 16 25 ] 0 2 0 [ 20 33 ] 1 1 0 [ -28 -29 ] 2 0 0 [ 22 33 ] 0 2 0 [ 30 33 ] 1 1 0 [ -5 -14 ] 0 2 0 [ -21 -35 ] 1 1 0 [ -2 -21 ] 1 1 0 [ 6 13 ] 0 2 0 [ 25 38 ] 1 1 0 [ -24 -35 ] 1 1 0 [ 31 32 ] 1 1 0 [ 20 23 ] 2 0 0 [ -5 -15 ] 1 1 0 [ -14 -36 ] 1 1 0 [ 22 23 ] 1 1 0 [ 9 22 ] 1 1 0 [ -14 -34 ] 0 2 0 [ -12 -15 ] 2 0 0 [ 18 20 ] 1 1 0 [ -19 -36 ] 2 0 0 [ -17 -40 ] 1 1 0 [ -34 -36 ] 1 1 0 [ -14 -19 ] 1 1 0 [ -5 -24 ] 0 2 0 [ 25 33 ] 0 2 0 [ 3 38 ] 2 0 0 [ 3 22 ] 1 1 0 [ 8 13 ] 0 2 0 [ -24 -28 ] 1 1 0 [ -5 -12 ] 1 1 0 [ 27 31 ] 0 2 0 [ -1 -10 ] 1 1 0 [ 4 39 ] 2 0 0 [ -24 -29 ] 1 1 0 [ 4 13 ] 1 1 0 [ 11 18 ] 1 1 0 [ -14 -28 ] 1 1 0 [ 20 38 ] 2 0 0 [ 6 31 ] 0 2 0 [ 11 20 ] 2 0 0 [ 8 16 ] 0 2 0 [ 20 39 ] 2 0 0 [ -15 -36 ] 2 0 0 [ 13 22 ] 0 2 0 [ 22 25 ] 0 2 0 [ -19 -29 ] 2 0 0 [ 8 32 ] 1 1 0 [ -21 -29 ] 1 1 0 [ -15 -24 ] 1 1 0 [ -17 -36 ] 2 0 0 [ 6 32 ] 1 1 0 [ 9 32 ] 2 0 0 [ 25 32 ] 1 1 0 [ -24 -40 ] 0 2 0 [ -12 -37 ] 1 1 0 [ 20 30 ] 2 0 0 [ -12 -28 ] 2 0 0 [ 26 38 ] 1 1 0 [ 6 27 ] 0 2 0 [ 18 38 ] 1 1 0 [ 9 16 ] 1 1 0 [ 31 38 ] 1 1 0 [ -10 -40 ] 0 2 0 [ -17 -19 ] 2 0 0 [ -10 -41 ] 0 2 0 [ 6 39 ] 1 1 0 [ -7 -21 ] 0 2 0 [ -19 -24 ] 1 1 0 [ 22 39 ] 1 1 0 [ 23 39 ] 2 0 0 [ 9 13 ] 1 1 0 [ 23 31 ] 1 1 0 [ -7 -41 ] 0 2 0 [ -7 -29 ] 1 1 0 [ 26 27 ] 0 2 0 [ 3 26 ] 1 1 0 [ 20 27 ] 1 1 0 [ 22 27 ] 0 2 0 [ -5 -35 ] 1 1 0 [ -12 -17 ] 2 0 0 [ 11 25 ] 1 1 0 [ 16 30 ] 1 1 0 [ 23 25 ] 1 1 0 [ -5 -17 ] 1 1 0 [ -36 -40 ] 1 1 0 [ 16 22 ] 0 2 0 [ -2 -28 ] 2 0 0 [ 13 16 ] 0 2 0 [ -28 -37 ] 1 1 0 [ -35 -36 ] 2 0 0 [ 3 6 ] 1 1 0 [ 4 26 ] 1 1 0 [ -19 -21 ] 1 1 0 [ -2 -29 ] 2 0 0 [ -17 -21 ] 1 1 0 [ 6 18 ] 0 2 0 [ 8 9 ] 1 1 0 [ 16 20 ] 1 1 0 [ -12 -36 ] 2 0 0 [ 6 25 ] 0 2 0 [ -1 -17 ] 2 0 0 [ -1 -12 ] 2 0 0 [ 4 38 ] 2 0 0 [ 6 9 ] 1 1 0 [ -14 -15 ] 1 1 0 [ 30 31 ] 1 1 0 [ -7 -40 ] 0 2 0 [ 20 32 ] 2 0 0 [ 6 22 ] 0 2 0 [ -35 -40 ] 1 1 0 [ 9 26 ] 1 1 0 [ -2 -35 ] 2 0 0 [ -15 -41 ] 1 1 0 [ -5 -37 ] 0 2 0 [ 18 26 ] 0 2 0 [ -2 -5 ] 1 1 0 [ -1 -41 ] 1 1 0 [ 11 22 ] 1 1 0 [ 25 26 ] 0 2 0 [ -15 -17 ] 2 0 0 [ 9 20 ] 2 0 0 [ -5 -29 ] 1 1 0 [ -36 -41 ] 1 1 0 [ -1 -34 ] 1 1 0 [ 9 30 ] 2 0 0 [ -19 -34 ] 1 1 0 [ -2 -37 ] 1 1 0 [ 13 20 ] 1 1 0 [ 11 30 ] 2 0 0 [ -37 -41 ] 0 2 0 [ 3 16 ] 1 1 0 [ -10 -21 ] 0 2 0 [ 23 30 ] 2 0 0 [ 33 39 ] 1 1 0 [ 9 38 ] 2 0 0 [ 6 38 ] 1 1 0 [ 26 30 ] 1 1 0 [ 30 32 ] 2 0 0 [ -1 -37 ] 1 1 0 [ 6 33 ] 0 2 0 [ 16 31 ] 0 2 0 [ 26 39 ] 1 1 0 [ -28 -41 ] 1 1 0 [ 9 11 ] 2 0 0 [ -5 -19 ] 1 1 0 [ 16 32 ] 1 1 0 [ -7 -34 ] 0 2 0 [ 11 16 ] 1 1 0 [ -12 -14 ] 1 1 0 [ -12 -21 ] 1 1 0 [ 16 38 ] 1 1 0 [ -19 -41 ] 1 1 0 [ 26 32 ] 1 1 0 [ 23 27 ] 1 1 0 [ -17 -34 ] 1 1 0 [ -2 -10 ] 1 1 0 [ -15 -19 ] 2 0 0 [ 6 8 ] 0 2 0 [ -15 -29 ] 2 0 0 [ 3 32 ] 2 0 0 [ 11 32 ] 2 0 0 [ 8 25 ] 0 2 0 [ 3 31 ] 1 1 0 [ -28 -36 ] 2 0 0 [ 23 26 ] 1 1 0 [ -37 -40 ] 0 2 0 [ -2 -40 ] 1 1 0 [ 3 27 ] 1 1 0 [ 11 39 ] 2 0 0 [ 4 33 ] 1 1 0 [ -17 -37 ] 1 1 0 [ 11 31 ] 1 1 0 [ 8 27 ] 0 2 0 [ 20 25 ] 1 1 0 [ -24 -37 ] 0 2 0 [ 6 26 ] 0 2 0 [ -1 -21 ] 1 1 0 [ 32 38 ] 2 0 0 [ 11 27 ] 1 1 0 [ 4 16 ] 1 1 0 [ 4 32 ] 2 0 0 [ 25 39 ] 1 1 0 [ 16 33 ] 0 2 0 [ -7 -15 ] 1 1 0 [ -5 -10 ] 0 2 0 [ -14 -40 ] 0 2 0 [ -5 -41 ] 0 2 0 [ -10 -15 ] 1 1 0 [ -14 -17 ] 1 1 0 [ -7 -17 ] 1 1 0 [ -10 -35 ] 1 1 0 [ -12 -35 ] 2 0 0 [ 16 26 ] 0 2 0 [ -7 -37 ] 0 2 0 [ 18 27 ] 0 2 0 [ 13 33 ] 0 2 0 [ -12 -19 ] 2 0 0 [ 6 20 ] 1 1 0 [ -7 -24 ] 0 2 0 [ -5 -7 ] 0 2 0 [ -7 -10 ] 0 2 0 