1415620: {92 37 70 53 23 26 96 16 78 87 }
1415621: {83 42 90 72 15 52 80 48 103 39 46 24 44 }
1415622: {51 5 109 29 55 41 101 11 43 54 }
1415623: {19 33 65 98 63 12 20 }
1415624: {64 102 28 88 50 36 31 }
1415625: {17 74 104 110 40 61 73 9 }
1415626: {76 75 94 93 38 56 84 59 }
1415627: {10 105 32 71 58 86 13 }
1415628: {57 66 69 6 49 34 108 18 }
1415629: {95 1 3 67 21 22 14 }
1415630: {27 82 4 97 99 68 91 }
1415631: {2 89 107 62 77 100 }
1415632: {35 85 30 7 }
1415633: {25 8 45 60 }
1415634: {79 81 }
1415635: {47 106 }
[ -74 -35 -16 ] 2 1 0 [ 98 30 -105 ] 1 2 0 [ 57 -11 97 ] 0 3 0 [ 65 -83 57 ] 2 1 0 [ -104 -76 14 ] 0 3 0 [ -6 50 78 ] 2 1 0 [ 7 -95 -2 ] 1 2 0 [ 92 107 18 ] 1 2 0 [ 25 -27 -81 ] 2 1 0 [ -36 -85 25 ] 0 3 0 [ -64 41 -2 ] 1 2 0 