1469329: {95 105 86 102 44 67 5 48 90 }
1469330: {89 101 37 60 55 47 13 59 }
1469331: {39 53 18 107 31 108 109 83 79 68 }
1469332: {96 64 100 41 33 99 65 26 73 12 }
1469333: {70 32 74 38 75 82 104 110 97 }
1469334: {88 35 92 3 15 17 51 7 10 91 }
1469335: {58 43 46 66 49 19 98 16 }
1469336: {36 93 72 77 78 42 2 1 }
1469337: {50 56 23 22 34 62 80 14 45 }
1469338: {61 71 24 20 57 27 }
1469339: {8 29 25 69 63 4 }
1469340: {84 76 87 94 11 9 }
1469341: {52 21 81 28 }
1469342: {6 40 103 106 }
1469343: {30 54 }
1469344: {85 }
[ -92 -41 70 ] 2 1 0 [ -98 -106 77 ] 1 2 0 [ -58 -28 101 ] 2 1 0 [ -57 29 -52 ] 1 2 0 [ 107 -87 16 ] 2 1 0 [ -63 105 104 ] 2 1 0 [ 68 -60 99 ] 2 1 0 [ -3 33 -36 ] 2 1 0 [ -4 -98 38 ] 1 2 0 [ 88 34 -57 ] 2 1 0 [ 83 -90 40 ] 2 1 0 [ 27 -109 54 ] 1 2 0 [ 50 8 20 ] 2 1 0 [ 33 40 -60 ] 1 2 0 [ 100 -35 83 ] 1 2 0 [ -53 38 8 ] 0 3 0 [ 59 31 -32 ] 1 2 0 