1500213: {107 6 110 95 42 65 4 46 33 91 }
1500214: {67 104 71 19 44 89 58 51 72 }
1500215: {97 68 69 57 56 45 50 17 53 36 }
1500216: {99 105 29 87 60 11 80 30 73 16 }
1500217: {13 38 22 9 64 47 77 61 23 }
1500218: {32 15 24 98 88 52 3 78 21 }
1500219: {103 96 100 59 34 }
1500220: {26 84 63 70 55 }
1500221: {35 18 40 49 102 90 8 75 }
1500222: {7 48 79 108 109 62 82 }
1500223: {25 27 10 93 20 }
1500224: {31 101 92 12 94 39 66 }
1500225: {81 5 1 86 }
1500226: {74 83 37 43 85 }
1500227: {54 106 41 76 }
1500228: {14 28 2 }
[ -55 -110 -5 ] 0 3 0 [ 34 -25 -109 ] 1 2 0 [ 60 18 103 ] 1 2 0 [ -41 -28 27 ] 2 1 0 [ 103 -30 -79 ] 1 2 0 [ -36 -21 9 ] 1 2 0 [ 24 85 -26 ] 1 2 0 [ -25 -101 48 ] 0 3 0 [ -37 6 -109 ] 2 1 0 [ -87 18 27 ] 1 2 0 [ 27 75 15 ] 0 3 0 [ 56 100 -107 ] 2 1 0 [ -93 81 -17 ] 2 1 0 [ -88 -101 49 ] 2 1 0 [ -78 56 80 ] 1 2 0 [ -105 -19 -54 ] 2 1 0 [ -20 66 103 ] 1 2 0 [ 81 7 99 ] 2 1 0 [ 24 -4 80 ] 0 3 0 [ -1 102 -25 ] 1 2 0 [ -36 103 -104 ] 1 2 0 [ 35 100 29 ] 1 2 0 [ -57 95 -92 ] 1 2 0 [ 43 15 -92 ] 1 2 0 [ 82 -16 -22 ] 1 2 0 [ 6 56 44 ] 2 1 0 