1393435: {97 9 36 2 63 67 74 22 }
1393436: {76 38 40 70 29 37 110 94 }
1393437: {100 45 31 41 59 58 82 30 35 }
1393438: {105 23 107 88 4 106 99 }
1393439: {80 78 72 64 103 87 92 }
1393440: {25 48 1 47 53 90 }
1393441: {96 44 66 16 21 56 69 }
1393442: {46 108 19 5 83 3 }
1393443: {52 33 61 27 8 79 }
1393444: {14 51 24 42 65 85 55 }
1393445: {20 73 57 39 109 32 }
1393446: {86 81 101 13 28 71 }
1393447: {15 89 34 18 6 }
1393448: {11 77 98 10 17 }
1393449: {7 54 102 95 }
1393450: {49 60 68 12 }
1393451: {93 26 91 62 }
1393452: {75 84 50 }
1393453: {104 43 }
[ 93 36 78 ] 1 2 0 [ 79 3 -29 ] 1 2 0 [ 103 86 109 ] 0 3 0 [ -60 -69 57 ] 1 2 0 [ -100 6 -64 ] 1 2 0 [ 76 -90 -65 ] 2 1 0 [ -25 -89 -56 ] 0 3 0 [ -51 66 -91 ] 0 3 0 [ 49 86 -46 ] 0 3 0 [ -25 72 13 ] 2 1 0 [ -17 97 15 ] 1 2 0 [ -56 -10 -31 ] 1 2 0 [ 48 -37 97 ] 0 3 0 [ -29 24 66 ] 2 1 0 [ 26 82 12 ] 1 2 0 [ 98 -75 -39 ] 1 2 0 [ 97 -55 88 ] 0 3 0 [ 45 -51 47 ] 1 2 0 [ 6 -65 92 ] 1 2 0 [ -60 -83 34 ] 2 1 0 [ -51 49 84 ] 1 2 0 [ 49 78 -77 ] 2 1 0 [ 35 -7 48 ] 2 1 0 [ -80 20 40 ] 2 1 0 [ 20 -8 -64 ] 0 3 0 [ -28 88 35 ] 2 1 0 [ -31 21 95 ] 1 2 0 [ 68 41 40 ] 1 2 0 [ 84 47 35 ] 2 1 0 [ 62 11 -59 ] 1 2 0 [ -75 -100 23 ] 2 1 0 [ 78 53 -105 ] 2 1 0 [ 78 16 85 ] 1 2 0 [ 49 -32 85 ] 1 2 0 [ 21 -100 34 ] 1 2 0 