1366214: {67 58 18 25 82 93 12 9 63 }
1366215: {98 50 107 26 95 42 44 75 }
1366216: {81 80 69 21 92 106 91 51 }
1366217: {17 62 41 90 79 16 84 68 31 }
1366218: {38 89 49 54 61 2 47 15 43 103 }
1366219: {76 86 39 96 104 34 19 }
1366220: {11 102 3 77 74 7 71 }
1366221: {32 66 108 40 29 85 94 }
1366222: {53 20 73 52 109 45 57 }
1366223: {30 27 33 60 55 1 59 110 }
1366224: {36 22 97 8 101 14 }
1366225: {13 70 99 37 }
1366226: {83 78 88 46 }
1366227: {100 5 23 28 10 }
1366228: {35 72 56 87 }
1366229: {105 64 24 }
1366230: {65 }
1366231: {4 48 }
1366232: {6 }
[ -7 -84 32 ] 2 1 0 [ 67 -69 -75 ] 2 1 0 [ -7 40 24 ] 2 1 0 [ -37 -83 76 ] 1 2 0 [ -102 88 31 ] 1 2 0 [ -102 86 -59 ] 1 2 0 [ -101 -55 3 ] 2 1 0 [ 63 99 88 ] 0 3 0 [ -25 -7 17 ] 2 1 0 [ 48 11 63 ] 0 3 0 [ 98 45 105 ] 2 1 0 [ -12 33 53 ] 2 1 0 [ -69 -30 -18 ] 1 2 0 [ -104 45 40 ] 2 1 0 [ -8 33 57 ] 2 1 0 [ 33 -108 -73 ] 2 1 0 [ 31 98 -96 ] 2 1 0 [ 98 97 -25 ] 2 1 0 [ -10 -1 -94 ] 0 3 0 [ 81 -100 86 ] 0 3 0 [ -18 -100 53 ] 2 1 0 [ 2 -52 97 ] 1 2 0 [ 11 -55 -56 ] 2 1 0 [ -37 -1 -36 ] 1 2 0 [ 27 67 34 ] 2 1 0 [ 9 -92 109 ] 1 2 0 [ -1 -51 86 ] 1 2 0 [ 64 27 22 ] 2 1 0 [ -55 -66 47 ] 2 1 0 [ -12 -106 -28 ] 1 2 0 