1753922: {57 23 60 20 50 }
1753923: {53 59 5 14 67 }
1753924: {47 63 36 30 }
1753925: {48 70 45 58 }
1753926: {27 62 43 11 16 }
1753927: {40 31 13 51 6 }
1753928: {38 26 17 64 }
1753929: {33 24 25 }
1753930: {7 39 37 }
1753931: {69 1 52 65 }
1753932: {54 2 15 18 }
1753933: {3 35 }
1753934: {32 21 68 28 }
1753935: {44 22 10 }
1753936: {66 29 12 }
1753937: {56 9 }
1753938: {8 55 61 }
1753939: {46 4 }
1753940: {42 }
1753941: {41 }
1753942: {49 }
1753943: {19 }
1753944: {34 }
[ -33 21 -59 ] 2 1 0 [ -23 32 -43 ] 1 2 0 [ 50 66 1 ] 2 1 0 [ -70 32 4 ] 1 2 0 [ 1 4 57 ] 3 0 0 [ 69 -47 -35 ] 2 1 0 [ 4 14 31 ] 2 1 0 [ 31 -62 5 ] 2 1 0 [ -2 -34 29 ] 3 0 0 [ 65 -70 37 ] 2 1 0 [ -54 65 51 ] 2 1 0 [ 16 -34 -67 ] 1 2 0 [ 51 57 48 ] 1 2 0 [ -70 16 -67 ] 0 3 0 [ -30 25 -11 ] 3 0 0 [ 56 -12 53 ] 3 0 0 [ 66 -24 -36 ] 1 2 0 [ -26 -62 25 ] 2 1 0 [ -47 61 66 ] 2 1 0 [ 48 -11 -8 ] 2 1 0 [ -23 14 -39 ] 1 2 0 [ -34 -70 -40 ] 2 1 0 [ 41 32 5 ] 0 3 0 [ 38 -34 41 ] 2 1 0 [ -67 7 -20 ] 1 2 0 [ -8 -24 -39 ] 1 2 0 [ 66 -42 -23 ] 1 2 0 [ 57 5 -24 ] 1 2 0 [ -24 -8 -28 ] 2 1 0 [ 38 16 25 ] 2 1 0 [ -2 -34 -28 ] 3 0 0 