1529883: {45 49 9 54 60 }
1529884: {13 48 35 }
1529885: {32 11 69 27 }
1529886: {2 1 6 46 }
1529887: {62 53 43 }
1529888: {44 63 56 68 }
1529889: {61 21 51 }
1529890: {40 34 67 36 }
1529891: {29 55 39 }
1529892: {30 18 28 }
1529893: {24 16 58 }
1529894: {22 38 57 }
1529895: {26 15 }
1529896: {25 4 }
1529897: {7 10 }
1529898: {17 19 47 }
1529899: {41 50 }
1529900: {5 14 66 }
1529901: {8 }
1529902: {12 37 }
1529903: {23 59 64 }
1529904: {3 }
1529905: {33 }
1529906: {52 70 }
1529907: {65 }
1529908: {42 31 }
1529909: {20 }
[ -23 4 -11 ] 2 1 0 [ -6 28 48 ] 1 2 0 [ -22 -23 -3 ] 1 2 0 [ 5 46 7 ] 0 3 0 [ 34 53 28 ] 1 2 0 [ 29 14 19 ] 1 2 0 [ -60 66 19 ] 2 1 0 [ 14 34 64 ] 1 2 0 [ -18 -43 54 ] 1 2 0 [ 59 44 -12 ] 2 1 0 [ 55 56 15 ] 1 2 0 [ -36 55 -45 ] 1 2 0 [ 50 25 65 ] 2 1 0 [ 64 -31 7 ] 1 2 0 [ -58 69 29 ] 0 3 0 [ 55 -36 -33 ] 2 1 0 [ -30 42 -43 ] 1 2 0 [ -52 -6 -30 ] 2 1 0 [ 48 -20 -18 ] 1 2 0 [ -30 39 4 ] 2 1 0 [ -12 -36 1 ] 1 2 0 [ -33 13 54 ] 2 1 0 [ -18 -33 -31 ] 2 1 0 [ -41 -9 42 ] 1 2 0 [ 56 -8 59 ] 2 1 0 [ 42 -45 51 ] 0 3 0 [ 35 -33 -45 ] 2 1 0 [ -37 -70 -31 ] 1 2 0 [ -62 66 15 ] 1 2 0 [ -68 46 -11 ] 1 2 0 [ -58 -60 46 ] 0 3 0 [ 10 -22 67 ] 2 1 0 [ 29 -3 51 ] 0 3 0 [ -57 5 -24 ] 1 2 0 [ 64 1 -12 ] 1 2 0 [ -12 -26 -8 ] 1 2 0 [ 55 -3 7 ] 1 2 0 [ 13 65 -52 ] 0 3 0 [ 35 25 -60 ] 2 1 0 [ 67 19 59 ] 2 1 0 [ -32 47 -3 ] 1 2 0 [ 15 -33 -16 ] 2 1 0 [ 5 -23 29 ] 0 3 0 [ 40 -11 35 ] 2 1 0 [ 13 -33 67 ] 1 2 0 