1566070: {8 58 }
1566071: {9 35 55 }
1566072: {42 70 30 }
1566073: {11 2 65 41 50 }
1566074: {54 26 66 29 }
1566075: {68 36 59 32 }
1566076: {64 23 67 51 }
1566077: {37 10 19 }
1566078: {31 21 69 }
1566079: {6 17 49 28 }
1566080: {52 7 16 }
1566081: {38 27 62 }
1566082: {1 18 20 }
1566083: {12 60 40 }
1566084: {14 46 }
1566085: {56 24 15 }
1566086: {45 48 3 }
1566087: {63 47 }
1566088: {22 13 }
1566089: {39 34 61 }
1566090: {5 4 }
1566091: {33 25 }
1566092: {44 53 }
1566093: {43 }
1566094: {57 }
[ 66 -42 -23 ] 1 2 0 [ -67 7 -20 ] 2 1 0 [ 38 16 25 ] 1 2 0 [ 64 48 41 ] 2 1 0 [ 32 12 -22 ] 1 2 0 [ -33 31 28 ] 1 2 0 [ -30 25 -11 ] 2 1 0 [ -47 39 -36 ] 1 2 0 [ 16 -59 5 ] 0 3 0 [ 16 -67 -65 ] 1 2 0 [ 56 -23 46 ] 0 3 0 [ 62 37 32 ] 1 2 0 [ 58 -68 9 ] 2 1 0 [ 52 -70 -36 ] 1 2 0 [ -24 -8 21 ] 0 3 0 [ -47 -11 58 ] 2 1 0 [ 69 53 19 ] 2 1 0 [ 18 60 46 ] 0 3 0 [ -3 -50 37 ] 1 2 0 [ -54 -57 49 ] 2 1 0 [ 7 -43 10 ] 1 2 0 [ 53 62 64 ] 1 2 0 [ 7 28 -8 ] 1 2 0 [ 39 -24 16 ] 0 3 0 [ 28 12 9 ] 1 2 0 [ 66 -24 -36 ] 1 2 0 [ 12 -70 -20 ] 2 1 0 [ 69 -47 -35 ] 2 1 0 [ -70 16 -67 ] 0 3 0 [ 66 25 58 ] 3 0 0 [ -8 34 -20 ] 2 1 0 [ 12 51 62 ] 1 2 0 [ -11 -40 -3 ] 1 2 0 [ -24 -63 14 ] 0 3 0 [ 69 -54 -35 ] 1 2 0 [ -45 -65 -59 ] 1 2 0 [ -13 38 -4 ] 2 1 0 [ 31 62 48 ] 1 2 0 [ 6 53 27 ] 1 2 0 [ -63 48 38 ] 1 2 0 [ -47 61 66 ] 3 0 0 [ 41 32 5 ] 0 3 0 [ 53 61 58 ] 2 1 0 [ 7 6 -70 ] 2 1 0 [ 1 52 69 ] 3 0 0 [ -24 12 27 ] 1 2 0 [ -8 -42 -57 ] 1 2 0 [ -23 32 -43 ] 0 3 0 [ -63 53 -54 ] 0 3 0 [ 9 -70 -3 ] 0 3 0 [ 48 -11 -8 ] 1 2 0 [ 58 -43 46 ] 1 2 0 [ -33 21 -59 ] 1 2 0 [ 9 34 -33 ] 2 1 0 [ 10 32 -4 ] 1 2 0 [ 29 2 -8 ] 0 3 0 