1626920: {13 54 62 36 }
1626921: {4 15 5 25 }
1626922: {60 50 34 65 }
1626923: {18 43 35 }
1626924: {61 22 38 }
1626925: {59 19 1 }
1626926: {23 10 58 }
1626927: {3 47 20 }
1626928: {28 16 68 }
1626929: {24 21 32 }
1626930: {63 40 27 }
1626931: {53 2 29 }
1626932: {49 30 6 }
1626933: {12 70 }
1626934: {57 39 69 }
1626935: {51 48 46 }
1626936: {7 42 }
1626937: {26 67 }
1626938: {44 56 }
1626939: {64 }
1626940: {52 }
1626941: {33 31 17 }
1626942: {55 14 }
1626943: {11 9 }
1626944: {41 37 }
1626945: {8 66 }
1626946: {45 }
[ -8 -18 -56 ] 1 2 0 [ -4 -51 -27 ] 0 3 0 [ -37 -15 30 ] 1 2 0 [ -50 1 31 ] 2 1 0 [ -28 -48 -53 ] 2 1 0 [ 12 64 -28 ] 1 2 0 [ -15 68 -43 ] 1 2 0 [ -51 -50 -43 ] 2 1 0 [ -22 -46 -50 ] 3 0 0 [ 52 -14 9 ] 0 3 0 [ 63 60 47 ] 2 1 0 [ -48 40 -54 ] 0 3 0 [ 47 7 57 ] 2 1 0 [ 63 57 -4 ] 2 1 0 [ 52 69 11 ] 1 2 0 [ -34 7 -16 ] 2 1 0 [ 12 -67 -23 ] 1 2 0 [ 9 -53 21 ] 1 2 0 [ 31 59 69 ] 1 2 0 [ 32 64 31 ] 1 2 0 [ 66 57 -3 ] 1 2 0 [ -33 -56 52 ] 2 1 0 [ -37 -62 -67 ] 2 1 0 [ -48 66 26 ] 0 3 0 [ 10 11 -61 ] 2 1 0 [ -67 -37 47 ] 2 1 0 [ -62 7 -4 ] 1 2 0 [ -34 55 -43 ] 2 1 0 [ -14 60 66 ] 0 3 0 [ -18 -54 -45 ] 1 2 0 [ 55 -16 -37 ] 1 2 0 [ 41 -28 21 ] 2 1 0 [ 41 19 -50 ] 2 1 0 [ -2 -14 -8 ] 1 2 0 [ -16 -17 57 ] 2 1 0 [ 70 -56 -35 ] 2 1 0 [ -67 68 7 ] 1 2 0 [ -25 -53 38 ] 2 1 0 [ -65 -22 49 ] 2 1 0 [ -46 20 -34 ] 2 1 0 [ 26 47 -13 ] 1 2 0 [ -16 64 63 ] 2 1 0 [ -3 70 1 ] 1 2 0 [ 9 -6 63 ] 2 1 0 [ -35 21 20 ] 1 2 0 [ -61 -56 -15 ] 2 1 0 [ -17 52 -61 ] 1 2 0 [ -17 11 32 ] 1 2 0 [ 70 57 -13 ] 1 2 0 [ 21 -62 30 ] 2 1 0 [ -25 -37 -2 ] 1 2 0 [ 38 -16 7 ] 2 1 0 [ -2 24 47 ] 2 1 0 [ -25 68 -29 ] 0 3 0 [ -37 -27 1 ] 1 2 0 [ 55 21 -16 ] 1 2 0 [ 39 9 1 ] 2 1 0 [ 20 26 12 ] 0 3 0 [ -65 30 55 ] 1 2 0 [ -14 49 10 ] 2 1 0 [ 55 -42 -36 ] 1 2 0 [ -3 -46 -6 ] 2 1 0 [ -8 1 26 ] 1 2 0 [ 41 1 58 ] 2 1 0 [ -35 31 -8 ] 1 2 0 [ -42 -33 30 ] 2 1 0 [ 57 -53 12 ] 2 1 0 [ -14 -3 -18 ] 0 3 0 [ -48 -45 21 ] 1 2 0 [ 57 10 41 ] 3 0 0 