1703022: {34 50 46 16 64 66 }
1703023: {1 19 11 48 }
1703024: {58 20 44 5 49 62 }
1703025: {56 37 61 27 7 12 }
1703026: {2 26 8 22 52 }
1703027: {60 55 15 }
1703028: {57 14 13 36 43 29 }
1703029: {28 40 }
1703030: {65 24 35 }
1703031: {54 38 39 32 }
1703032: {42 59 47 6 }
1703033: {45 10 17 30 }
1703034: {25 68 }
1703035: {31 18 33 23 }
1703036: {63 53 21 }
1703037: {41 4 }
1703038: {9 67 3 }
1703039: {69 }
1703040: {51 70 }
[ 40 -42 35 ] 3 0 0 [ 47 -10 -57 ] 2 1 0 [ 65 52 -34 ] 2 1 0 [ 23 -56 21 ] 2 1 0 [ -56 51 44 ] 3 0 0 [ -20 40 -43 ] 1 2 0 [ 6 -29 28 ] 2 1 0 [ 65 -58 64 ] 2 1 0 [ -41 -34 3 ] 2 1 0 [ 11 28 -58 ] 3 0 0 [ -69 2 47 ] 1 2 0 [ -31 -34 5 ] 1 2 0 [ -18 11 -10 ] 2 1 0 [ -29 -69 24 ] 2 1 0 [ -50 -22 4 ] 2 1 0 [ 1 -34 -41 ] 2 1 0 [ -56 -54 -8 ] 2 1 0 [ 17 -59 -26 ] 2 1 0 [ 44 -50 65 ] 2 1 0 [ -19 4 15 ] 2 1 0 [ -18 28 -49 ] 1 2 0 [ -36 -30 24 ] 0 3 0 