1679378: {42 19 }
1679379: {14 8 }
1679380: {43 64 }
1679381: {48 41 }
1679382: {26 22 28 }
1679383: {67 61 13 }
1679384: {10 20 70 36 }
1679385: {23 59 65 }
1679386: {54 6 }
1679387: {62 25 38 }
1679388: {45 34 }
1679389: {56 29 7 }
1679390: {1 }
1679391: {32 17 }
1679392: {5 47 33 }
1679393: {51 37 }
1679394: {63 12 24 }
1679395: {53 69 66 }
1679396: {55 3 58 }
1679397: {68 50 }
1679398: {46 52 }
1679399: {39 9 }
1679400: {57 18 }
1679401: {31 60 }
1679402: {27 49 2 }
1679403: {15 4 }
1679404: {11 44 }
1679405: {35 40 }
1679406: {21 }
1679407: {30 }
1679408: {16 }
[ 1 18 60 ] 2 1 0 [ -63 51 6 ] 2 1 0 [ -48 33 -22 ] 2 1 0 [ 51 -67 -28 ] 2 1 0 [ -57 46 -62 ] 2 1 0 [ 1 -54 42 ] 1 2 0 [ -54 -3 34 ] 0 3 0 [ 9 17 -21 ] 2 1 0 [ 56 -3 44 ] 2 1 0 [ -69 -41 56 ] 3 0 0 [ 4 8 -16 ] 3 0 0 [ 66 -70 -13 ] 1 2 0 [ 42 -63 -20 ] 1 2 0 [ -63 -20 -13 ] 1 2 0 [ -61 -28 65 ] 2 1 0 [ 47 -20 4 ] 2 1 0 [ 58 -64 -14 ] 0 3 0 [ -3 -21 29 ] 1 2 0 [ 51 12 47 ] 1 2 0 [ -22 9 55 ] 1 2 0 [ 10 -15 -63 ] 2 1 0 [ -3 -54 -7 ] 0 3 0 [ -36 8 -3 ] 2 1 0 [ 39 -20 -27 ] 2 1 0 [ 26 49 -20 ] 2 1 0 [ 66 -70 -64 ] 1 2 0 [ 43 -52 -31 ] 0 3 0 [ 33 -67 -31 ] 2 1 0 [ 34 -14 44 ] 1 2 0 [ 65 17 26 ] 1 2 0 [ -27 65 -52 ] 1 2 0 [ 25 -32 8 ] 3 0 0 [ -15 5 10 ] 2 1 0 [ -64 -23 -48 ] 2 1 0 [ -3 43 4 ] 1 2 0 [ -14 -28 -15 ] 1 2 0 [ 47 34 12 ] 0 3 0 [ -59 42 17 ] 0 3 0 [ 42 18 -48 ] 2 1 0 [ -57 12 -40 ] 2 1 0 [ -57 49 -20 ] 3 0 0 [ -22 45 56 ] 1 2 0 [ -41 26 1 ] 2 1 0 [ 35 30 -24 ] 3 0 0 [ -7 -27 -16 ] 1 2 0 [ -68 -63 34 ] 0 3 0 [ 47 -36 -61 ] 2 1 0 [ 44 35 19 ] 2 1 0 [ 39 10 -54 ] 2 1 0 [ -36 -59 -7 ] 1 2 0 [ 5 -38 11 ] 1 2 0 [ 35 58 -7 ] 1 2 0 [ 39 43 -28 ] 1 2 0 [ -21 -23 45 ] 2 1 0 [ -23 -7 25 ] 2 1 0 [ -28 11 51 ] 1 2 0 [ -68 -3 46 ] 0 3 0 [ -68 -36 -24 ] 2 1 0 [ 12 45 -70 ] 0 3 0 [ 10 66 25 ] 3 0 0 [ 2 55 8 ] 2 1 0 [ 19 35 10 ] 2 1 0 [ 66 44 -64 ] 2 1 0 [ -31 -53 2 ] 1 2 0 [ -67 18 -24 ] 3 0 0 [ -70 66 -7 ] 1 2 0 [ -52 -7 -23 ] 1 2 0 [ -59 56 -27 ] 1 2 0 [ 26 -48 -67 ] 2 1 0 [ 35 -57 46 ] 2 1 0 [ -57 -64 55 ] 1 2 0 [ 39 -3 51 ] 2 1 0 [ -22 1 -37 ] 2 1 0 [ -27 47 -3 ] 0 3 0 [ 33 30 -32 ] 3 0 0 [ -57 -67 60 ] 2 1 0 [ -41 -69 -31 ] 2 1 0 [ -14 19 -62 ] 1 2 0 [ -64 -53 6 ] 1 2 0 [ -57 30 56 ] 3 0 0 [ 50 33 17 ] 2 1 0 [ 9 19 -40 ] 2 1 0 [ -14 -41 -22 ] 1 2 0 [ -21 26 -38 ] 2 1 0 [ 44 8 66 ] 3 0 0 [ -31 -24 47 ] 1 2 0 [ -69 18 -13 ] 2 1 0 [ -28 43 -31 ] 0 3 0 [ 26 12 46 ] 0 3 0 