1597387: {19 39 52 49 }
1597388: {37 20 34 }
1597389: {21 18 42 3 }
1597390: {32 5 59 23 53 }
1597391: {31 58 66 }
1597392: {29 50 54 14 }
1597393: {47 33 7 }
1597394: {16 1 63 }
1597395: {56 9 }
1597396: {38 36 28 }
1597397: {41 2 22 27 }
1597398: {11 10 48 }
1597399: {4 25 }
1597400: {46 65 45 }
1597401: {17 44 40 }
1597402: {43 12 }
1597403: {64 6 }
1597404: {30 55 }
1597405: {35 70 }
1597406: {8 61 }
1597407: {68 60 }
1597408: {26 62 }
1597409: {24 57 }
1597410: {15 }
1597411: {69 67 }
1597412: {13 }
1597413: {51 }
[ -67 -38 -17 ] 1 2 0 [ 64 -31 7 ] 2 1 0 [ 48 -24 -68 ] 1 2 0 [ -68 64 -58 ] 2 1 0 [ -11 -26 -39 ] 2 1 0 [ 22 42 -25 ] 2 1 0 [ 35 -60 -10 ] 0 3 0 [ 40 56 1 ] 2 1 0 [ -30 42 -43 ] 1 2 0 [ -50 19 4 ] 1 2 0 [ 55 -36 -33 ] 2 1 0 [ 14 -17 -25 ] 3 0 0 [ -18 32 12 ] 2 1 0 [ 64 8 65 ] 3 0 0 [ 8 51 55 ] 3 0 0 [ -69 -53 -58 ] 2 1 0 [ 7 -61 57 ] 2 1 0 [ 65 -30 -67 ] 1 2 0 [ 22 47 -20 ] 0 3 0 [ 59 -9 4 ] 1 2 0 [ -25 63 -45 ] 2 1 0 [ 47 29 -28 ] 0 3 0 [ 21 44 -25 ] 2 1 0 [ -27 56 35 ] 1 2 0 [ 63 29 19 ] 1 2 0 [ -17 -24 -43 ] 2 1 0 [ -70 21 -28 ] 1 2 0 [ -23 -34 55 ] 2 1 0 [ -18 44 -34 ] 2 1 0 [ 1 -52 55 ] 3 0 0 [ 19 6 -30 ] 0 3 0 [ -23 -54 -43 ] 1 2 0 [ -33 -58 -23 ] 2 1 0 [ 1 -67 56 ] 2 1 0 [ -25 8 6 ] 2 1 0 [ 57 4 63 ] 2 1 0 [ -34 -58 42 ] 2 1 0 [ 42 32 -26 ] 1 2 0 [ 3 5 16 ] 2 1 0 [ 19 -69 -37 ] 1 2 0 [ -36 65 4 ] 2 1 0 [ -43 -54 -39 ] 1 2 0 [ -58 -37 19 ] 2 1 0 [ 66 -53 40 ] 2 1 0 [ 48 -70 -49 ] 2 1 0 [ 14 -34 -45 ] 1 2 0 [ 57 55 -49 ] 3 0 0 [ -45 21 -17 ] 1 2 0 [ -58 -39 -2 ] 3 0 0 [ -17 -60 -69 ] 1 2 0 [ -34 -27 44 ] 1 2 0 [ -61 7 56 ] 2 1 0 [ -60 66 19 ] 1 2 0 [ -10 -18 47 ] 1 2 0 [ 8 -52 -20 ] 2 1 0 [ 63 3 32 ] 2 1 0 [ -46 -20 -39 ] 2 1 0 [ 13 -30 -46 ] 2 1 0 [ 13 65 -52 ] 3 0 0 [ 63 -49 42 ] 3 0 0 [ -67 15 64 ] 1 2 0 [ -49 -36 -20 ] 2 1 0 [ 16 -2 19 ] 2 1 0 [ 47 -52 -60 ] 1 2 0 [ -28 51 -68 ] 1 2 0 