1797468: {21 10 58 70 }
1797469: {35 30 61 53 63 }
1797470: {39 44 19 52 }
1797471: {54 11 59 50 }
1797472: {64 55 37 40 6 36 }
1797473: {20 43 60 }
1797474: {31 56 3 }
1797475: {5 65 29 }
1797476: {18 45 7 16 }
1797477: {26 66 15 }
1797478: {49 68 9 }
1797479: {57 22 51 }
1797480: {41 8 27 47 }
1797481: {23 4 42 12 }
1797482: {46 34 2 }
1797483: {69 14 32 1 }
1797484: {25 67 }
1797485: {28 38 }
1797486: {33 17 }
1797487: {48 }
1797488: {24 }
1797489: {13 }
1797490: {62 }
[ 13 -30 -46 ] 0 3 0 [ -33 -15 69 ] 2 1 0 [ 56 35 -64 ] 2 1 0 [ 11 -70 -53 ] 1 2 0 [ -47 23 39 ] 2 1 0 [ -70 -43 -47 ] 1 2 0 [ -47 -70 23 ] 1 2 0 [ -15 -16 27 ] 2 1 0 [ -18 44 -34 ] 2 1 0 [ -21 45 -24 ] 2 1 0 [ 7 -1 -25 ] 2 1 0 [ -52 -6 -30 ] 2 1 0 [ -37 2 23 ] 2 1 0 [ -21 -51 -62 ] 3 0 0 [ 40 -5 57 ] 1 2 0 [ -31 -47 -67 ] 2 1 0 [ -52 -65 55 ] 2 1 0 [ -24 -8 -25 ] 2 1 0 [ 40 66 38 ] 1 2 0 [ 13 -65 38 ] 2 1 0 [ -28 10 -51 ] 2 1 0 [ -15 -9 19 ] 2 1 0 [ -18 -54 68 ] 2 1 0 [ -63 -65 -42 ] 3 0 0 [ 39 -31 14 ] 2 1 0 [ 55 -26 23 ] 1 2 0 [ -50 -60 69 ] 1 2 0 [ 32 2 57 ] 2 1 0 [ 17 32 -63 ] 3 0 0 [ -36 -30 27 ] 1 2 0 [ -12 -26 -8 ] 2 1 0 [ 10 -62 13 ] 2 1 0 [ -31 61 -37 ] 1 2 0 [ -47 -20 39 ] 2 1 0 [ 55 -58 -63 ] 1 2 0 [ 14 40 -5 ] 2 1 0 [ -26 -51 -18 ] 3 0 0 [ 35 -52 13 ] 2 1 0 [ -58 -37 19 ] 2 1 0 