1653459: {55 28 17 31 }
1653460: {46 33 32 }
1653461: {24 53 70 57 }
1653462: {66 23 26 }
1653463: {69 59 49 }
1653464: {5 35 54 }
1653465: {30 61 29 }
1653466: {16 4 27 }
1653467: {47 39 40 20 }
1653468: {43 68 13 }
1653469: {21 6 }
1653470: {18 51 }
1653471: {67 25 34 }
1653472: {38 52 }
1653473: {10 2 }
1653474: {63 11 }
1653475: {58 44 }
1653476: {3 37 50 }
1653477: {45 22 }
1653478: {64 60 }
1653479: {15 48 }
1653480: {14 }
1653481: {7 62 }
1653482: {12 36 }
1653483: {56 41 8 }
1653484: {65 }
1653485: {19 }
1653486: {1 }
1653487: {9 }
1653488: {42 }
[ -17 -37 15 ] 2 1 0 [ -6 -69 51 ] 3 0 0 [ 58 -3 -67 ] 3 0 0 [ -30 34 -11 ] 2 1 0 [ -26 -3 35 ] 2 1 0 [ -9 -3 -43 ] 2 1 0 [ 48 -65 -53 ] 2 1 0 [ 12 51 32 ] 3 0 0 [ 51 68 -25 ] 3 0 0 [ -26 -22 -43 ] 1 2 0 [ 59 28 36 ] 2 1 0 [ 38 -11 -22 ] 2 1 0 [ -19 32 -37 ] 2 1 0 [ 66 -55 32 ] 1 2 0 [ 62 58 68 ] 3 0 0 [ -70 -7 -69 ] 2 1 0 [ -69 -14 -11 ] 3 0 0 [ 2 57 -43 ] 2 1 0 [ -50 -19 -6 ] 2 1 0 [ -50 -56 59 ] 2 1 0 [ -61 34 -26 ] 3 0 0 [ -60 48 23 ] 2 1 0 [ -13 -5 -19 ] 3 0 0 [ -64 18 32 ] 2 1 0 [ -31 -50 16 ] 2 1 0 [ -14 -60 -67 ] 3 0 0 [ 28 29 54 ] 1 2 0 [ -56 68 -24 ] 2 1 0 [ 33 29 -5 ] 2 1 0 [ 54 -30 -11 ] 1 2 0 [ 35 -11 51 ] 2 1 0 [ 4 -55 -56 ] 2 1 0 [ -47 58 29 ] 2 1 0 [ -19 -26 -40 ] 3 0 0 [ 33 42 -3 ] 2 1 0 [ 16 44 -14 ] 2 1 0 [ 63 49 27 ] 1 2 0 [ -60 -13 18 ] 2 1 0 [ -3 23 -20 ] 2 1 0 [ 46 34 62 ] 3 0 0 [ 12 10 -31 ] 2 1 0 [ 21 -45 18 ] 1 2 0 [ -65 8 34 ] 3 0 0 [ 28 -39 68 ] 2 1 0 [ 46 62 -56 ] 3 0 0 [ 1 -70 63 ] 2 1 0 [ -55 16 62 ] 2 1 0 [ 10 -14 12 ] 2 1 0 [ -14 -22 -61 ] 2 1 0 [ -65 -5 -69 ] 3 0 0 [ -50 -25 33 ] 2 1 0 [ -9 58 1 ] 3 0 0 [ 29 2 -13 ] 2 1 0 [ 58 66 63 ] 1 2 0 [ 4 38 -24 ] 2 1 0 [ 44 -53 29 ] 1 2 0 [ -31 58 38 ] 3 0 0 [ -9 -50 36 ] 1 2 0 [ -5 -39 58 ] 2 1 0 [ 27 -3 28 ] 2 1 0 [ 32 1 -30 ] 2 1 0 [ -69 -47 -56 ] 3 0 0 [ 57 -43 -56 ] 2 1 0 [ 1 -67 -31 ] 3 0 0 [ 35 36 38 ] 1 2 0 [ 66 -40 49 ] 2 1 0 [ -67 35 41 ] 2 1 0 [ -13 -39 -7 ] 1 2 0 [ 36 27 -47 ] 1 2 0 [ 8 68 2 ] 3 0 0 [ 46 42 -7 ] 1 2 0 [ 1 46 -17 ] 3 0 0 [ 23 36 38 ] 2 1 0 [ 48 -39 49 ] 1 2 0 [ -30 27 38 ] 1 2 0 [ 58 28 32 ] 3 0 0 [ -19 21 33 ] 2 1 0 [ -5 -11 -37 ] 2 1 0 