1998639: {65 72 18 26 29 8 }
1998640: {10 17 58 48 23 79 }
1998641: {21 15 53 27 83 }
1998642: {13 41 59 51 80 74 35 }
1998643: {86 50 5 61 30 1 }
1998644: {11 12 71 34 89 31 2 }
1998645: {46 33 76 38 45 }
1998646: {22 40 54 78 32 55 }
1998647: {63 85 56 4 87 }
1998648: {3 90 6 28 20 77 70 }
1998649: {16 52 14 69 }
1998650: {62 9 36 88 47 37 }
1998651: {43 44 66 81 }
1998652: {64 19 42 67 60 }
1998653: {49 73 82 84 }
1998654: {57 7 68 24 }
1998655: {39 25 }
1998656: {75 }
[ -89 -81 46 ] 1 2 0 [ -84 -19 70 ] 2 1 0 [ 46 -5 -89 ] 1 2 0 [ 26 -50 17 ] 1 2 0 [ 23 -51 88 ] 1 2 0 [ -81 -85 -33 ] 1 2 0 [ 52 -79 -53 ] 1 2 0 [ 6 36 17 ] 2 1 0 [ -49 -24 -75 ] 2 1 0 [ -55 -44 39 ] 2 1 0 [ -35 48 32 ] 1 2 0 [ -13 -85 -12 ] 1 2 0 [ 7 -35 32 ] 2 1 0 [ -2 7 -47 ] 2 1 0 [ -37 -63 -40 ] 1 2 0 [ 11 60 57 ] 2 1 0 [ -44 14 -85 ] 2 1 0 [ 27 -5 74 ] 1 2 0 [ 14 -40 48 ] 1 2 0 [ -67 -79 -16 ] 1 2 0 [ -82 38 11 ] 2 1 0 [ -2 -45 10 ] 2 1 0 