1924962: {47 14 69 26 }
1924963: {35 27 8 5 65 }
1924964: {3 43 16 82 64 }
1924965: {23 51 30 11 }
1924966: {50 18 2 53 62 }
1924967: {87 77 6 58 }
1924968: {60 45 4 39 }
1924969: {55 63 73 57 }
1924970: {19 54 75 74 25 }
1924971: {59 48 22 1 68 33 }
1924972: {31 89 38 42 }
1924973: {61 7 86 71 78 88 }
1924974: {29 13 76 }
1924975: {66 21 90 44 }
1924976: {20 10 9 }
1924977: {34 80 85 32 }
1924978: {41 56 40 }
1924979: {81 52 46 83 }
1924980: {79 84 }
1924981: {70 17 12 }
1924982: {15 24 }
1924983: {28 72 }
1924984: {37 49 36 }
1924985: {67 }
[ 36 -46 -68 ] 2 1 0 [ -79 25 82 ] 2 1 0 [ -64 -84 -41 ] 2 1 0 [ -90 -20 36 ] 2 1 0 [ 27 -68 -39 ] 3 0 0 [ 66 -63 -17 ] 2 1 0 [ 52 -62 -38 ] 2 1 0 [ -39 83 -79 ] 1 2 0 [ -63 21 47 ] 1 2 0 [ 80 -10 -89 ] 3 0 0 [ 82 60 -34 ] 2 1 0 [ 22 -50 -6 ] 2 1 0 [ -8 7 52 ] 1 2 0 [ -75 82 -12 ] 3 0 0 [ 83 -89 -78 ] 2 1 0 [ -20 65 18 ] 3 0 0 [ -17 18 87 ] 2 1 0 [ 30 -48 16 ] 2 1 0 [ 43 -32 -39 ] 2 1 0 [ -53 43 -12 ] 1 2 0 [ 19 70 21 ] 2 1 0 [ 22 2 66 ] 3 0 0 [ -15 9 -39 ] 2 1 0 [ 27 25 -58 ] 2 1 0 [ -4 -79 16 ] 1 2 0 [ 47 -81 65 ] 2 1 0 [ -81 -53 19 ] 2 1 0 [ -37 16 71 ] 2 1 0 [ -85 -13 -61 ] 3 0 0 [ 35 -10 52 ] 2 1 0 [ -37 22 -34 ] 2 1 0 [ 33 -73 -40 ] 2 1 0 [ 51 -40 87 ] 1 2 0 [ -32 -84 71 ] 2 1 0 [ 49 55 9 ] 2 1 0 [ -34 -38 -37 ] 2 1 0 [ 87 -40 60 ] 2 1 0 [ -1 -79 44 ] 2 1 0 [ 82 -20 -4 ] 2 1 0 [ 76 -5 -28 ] 2 1 0 [ -59 -54 -31 ] 2 1 0 [ 60 33 80 ] 3 0 0 [ -34 76 -38 ] 2 1 0 [ -6 -40 80 ] 1 2 0 [ 42 -15 -12 ] 2 1 0 [ 72 -78 25 ] 3 0 0 [ 2 19 47 ] 2 1 0 [ 9 -74 43 ] 1 2 0 [ 2 -78 -28 ] 3 0 0 [ -89 52 -90 ] 1 2 0 [ -63 21 -56 ] 1 2 0 [ -6 67 -68 ] 1 2 0 [ 27 -39 47 ] 2 1 0 [ -31 -48 27 ] 2 1 0 [ 80 2 -24 ] 3 0 0 [ 86 27 22 ] 2 1 0 [ -8 52 88 ] 1 2 0 [ -24 36 -58 ] 2 1 0 [ 55 -61 -53 ] 2 1 0 [ -4 25 -1 ] 2 1 0 