1950918: {37 78 79 67 69 41 84 }
1950919: {22 24 51 52 85 42 81 21 3 }
1950920: {59 57 27 9 38 77 25 16 }
1950921: {72 86 11 70 30 14 49 }
1950922: {8 88 13 36 2 }
1950923: {35 76 53 6 50 34 87 31 63 }
1950924: {83 64 4 48 90 46 }
1950925: {89 73 45 80 55 }
1950926: {19 58 47 44 18 }
1950927: {61 20 33 66 12 }
1950928: {56 65 75 28 74 }
1950929: {82 10 39 43 26 }
1950930: {40 32 7 54 }
1950931: {17 68 5 }
1950932: {23 71 60 }
1950933: {29 62 }
1950934: {1 }
1950935: {15 }
[ -15 17 57 ] 1 2 0 [ -51 -12 -15 ] 2 1 0 [ -67 54 -24 ] 2 1 0 [ 36 71 80 ] 1 2 0 [ 19 -13 80 ] 0 3 0 [ -30 -65 -48 ] 2 1 0 [ 64 33 54 ] 2 1 0 [ 89 -10 -8 ] 1 2 0 [ -22 77 23 ] 1 2 0 [ 87 75 -5 ] 2 1 0 [ -38 45 -48 ] 2 1 0 [ -84 40 28 ] 2 1 0 [ -9 28 19 ] 1 2 0 [ -90 -15 44 ] 2 1 0 [ -68 -90 47 ] 2 1 0 