1838636: {31 44 9 45 55 5 17 }
1838637: {63 70 87 28 49 }
1838638: {48 88 34 56 11 }
1838639: {76 81 52 15 39 }
1838640: {26 84 78 12 57 38 }
1838641: {33 29 25 80 82 23 }
1838642: {42 22 4 35 68 }
1838643: {50 21 40 77 61 }
1838644: {30 60 43 19 13 }
1838645: {64 75 86 58 36 }
1838646: {73 6 85 69 90 }
1838647: {66 2 8 20 67 }
1838648: {62 46 7 65 14 }
1838649: {37 24 10 59 72 }
1838650: {83 3 18 }
1838651: {89 71 27 }
1838652: {1 54 53 16 }
1838653: {74 47 32 }
1838654: {79 }
1838655: {41 }
1838656: {51 }
[ 22 18 75 ] 2 1 0 [ -87 -26 -64 ] 1 2 0 [ 71 44 79 ] 1 2 0 [ -52 -35 78 ] 2 1 0 [ 28 -50 -52 ] 2 1 0 [ 77 -51 2 ] 1 2 0 [ 45 74 -86 ] 1 2 0 [ -61 8 -23 ] 3 0 0 [ 19 -42 2 ] 2 1 0 [ 78 31 32 ] 2 1 0 [ -15 37 3 ] 2 1 0 [ 73 20 -64 ] 2 1 0 [ 41 -88 58 ] 2 1 0 [ 41 67 -46 ] 2 1 0 [ -49 -53 -83 ] 2 1 0 [ 6 -1 40 ] 3 0 0 [ 62 74 -27 ] 2 1 0 [ 66 71 76 ] 2 1 0 [ 75 39 -23 ] 2 1 0 [ -56 -26 10 ] 3 0 0 [ 45 79 59 ] 1 2 0 [ -38 74 70 ] 0 3 0 [ 73 -51 -87 ] 2 1 0 [ 89 40 32 ] 2 1 0 [ -23 44 65 ] 1 2 0 [ -25 47 34 ] 3 0 0 [ -5 -56 -16 ] 2 1 0 [ -61 -42 89 ] 2 1 0 [ 73 65 -16 ] 2 1 0 [ 68 -84 20 ] 2 1 0 [ -1 70 3 ] 1 2 0 [ -42 -57 76 ] 2 1 0 [ -46 77 6 ] 2 1 0 [ 72 -48 67 ] 2 1 0 [ 22 72 8 ] 2 1 0 [ 20 89 -54 ] 1 2 0 [ -46 66 -64 ] 2 1 0 [ -83 36 71 ] 2 1 0 [ 4 19 -88 ] 2 1 0 