2055391: {28 80 61 53 18 6 14 }
2055392: {83 60 45 67 72 15 }
2055393: {47 19 13 46 68 10 }
2055394: {27 50 78 42 22 63 }
2055395: {70 25 12 30 11 }
2055396: {77 29 37 82 24 17 86 }
2055397: {32 56 35 44 16 23 }
2055398: {71 9 73 33 }
2055399: {21 64 65 34 66 }
2055400: {81 7 48 36 79 }
2055401: {26 89 8 87 90 }
2055402: {57 54 31 74 88 }
2055403: {76 41 2 85 }
2055404: {1 40 69 }
2055405: {84 4 38 }
2055406: {59 58 5 }
2055407: {39 20 52 }
2055408: {62 55 51 }
2055409: {75 49 }
2055410: {3 }
2055411: {43 }
[ 3 -88 -69 ] 2 1 0 [ 59 24 1 ] 3 0 0 [ 4 77 -90 ] 1 2 0 [ -38 70 -54 ] 2 1 0 [ -26 49 -82 ] 2 1 0 [ -79 6 -40 ] 2 1 0 [ 36 6 -68 ] 1 2 0 [ 32 -45 65 ] 2 1 0 [ -88 2 -11 ] 2 1 0 [ -48 -62 -40 ] 3 0 0 [ 17 13 -23 ] 2 1 0 [ 3 36 -68 ] 2 1 0 [ -52 -7 -11 ] 2 1 0 [ -9 -76 8 ] 2 1 0 [ -89 -74 85 ] 1 2 0 [ -29 8 -20 ] 2 1 0 [ -61 32 -86 ] 1 2 0 [ -26 41 -30 ] 3 0 0 [ -12 32 73 ] 1 2 0 [ 55 -79 -61 ] 1 2 0 [ -7 -60 -12 ] 2 1 0 [ 43 -63 44 ] 3 0 0 [ 25 -9 -63 ] 2 1 0 [ -54 17 81 ] 2 1 0 [ 3 25 33 ] 2 1 0 [ -54 -38 42 ] 2 1 0 [ -45 41 65 ] 2 1 0 [ 47 70 27 ] 2 1 0 