1916965: {63 60 77 43 42 }
1916966: {74 40 89 64 15 }
1916967: {70 35 75 88 4 }
1916968: {2 38 78 28 6 }
1916969: {8 59 54 32 83 }
1916970: {22 56 51 41 }
1916971: {46 27 87 48 10 }
1916972: {79 9 1 20 }
1916973: {12 68 7 34 49 }
1916974: {50 62 33 37 }
1916975: {13 31 30 80 81 }
1916976: {19 58 24 61 }
1916977: {55 17 29 21 }
1916978: {86 3 65 }
1916979: {72 71 85 25 }
1916980: {90 11 52 36 }
1916981: {18 26 69 }
1916982: {66 57 73 }
1916983: {84 14 45 }
1916984: {53 67 23 }
1916985: {5 76 16 }
1916986: {39 47 82 }
1916987: {44 }
[ 66 59 -35 ] 3 0 0 [ 41 5 -49 ] 1 2 0 [ 66 -86 -24 ] 2 1 0 [ -53 70 -61 ] 2 1 0 [ 5 -86 22 ] 2 1 0 [ -47 44 -53 ] 2 1 0 [ 65 -88 5 ] 1 2 0 [ -76 -61 -67 ] 2 1 0 [ 18 -80 64 ] 2 1 0 [ -7 16 -1 ] 3 0 0 [ 82 -46 63 ] 1 2 0 [ -26 62 85 ] 2 1 0 [ -26 22 -21 ] 3 0 0 [ 9 -81 -56 ] 2 1 0 [ 82 64 -58 ] 3 0 0 [ -76 31 -27 ] 2 1 0 [ -50 -72 16 ] 2 1 0 [ 3 16 6 ] 2 1 0 [ -23 -36 -14 ] 0 3 0 [ -7 22 -61 ] 2 1 0 [ -75 -42 25 ] 2 1 0 [ -87 -39 33 ] 2 1 0 [ 5 -26 -58 ] 2 1 0 [ -50 3 22 ] 2 1 0 [ -35 6 -84 ] 2 1 0 [ 16 34 -27 ] 1 2 0 [ 82 64 29 ] 3 0 0 [ -19 -76 48 ] 1 2 0 [ 41 52 64 ] 2 1 0 [ 54 65 -90 ] 2 1 0 [ 71 -76 -53 ] 3 0 0 [ -1 -77 -36 ] 1 2 0 [ 44 -56 -12 ] 1 2 0 [ -28 -39 73 ] 3 0 0 [ -69 -12 -11 ] 2 1 0 [ -28 44 48 ] 1 2 0 [ -89 -10 -67 ] 3 0 0 [ -24 -1 -75 ] 1 2 0 [ 41 -50 -67 ] 2 1 0 [ 52 -24 34 ] 0 3 0 [ 32 -20 -47 ] 2 1 0 [ 33 29 -7 ] 2 1 0 [ -36 15 -28 ] 1 2 0 [ 71 -89 -77 ] 2 1 0 [ -12 74 52 ] 2 1 0 [ 63 -51 -57 ] 1 2 0 [ -49 -89 3 ] 2 1 0 [ 22 -13 3 ] 3 0 0 [ -72 -51 73 ] 3 0 0 [ -81 17 82 ] 2 1 0 