1881406: {9 28 8 14 54 84 }
1881407: {65 24 7 79 61 }
1881408: {77 48 30 73 56 }
1881409: {33 10 31 39 23 }
1881410: {64 46 21 40 82 45 }
1881411: {37 6 18 55 }
1881412: {90 58 20 69 38 }
1881413: {1 62 12 83 }
1881414: {29 41 80 70 }
1881415: {75 13 51 3 }
1881416: {4 63 49 57 }
1881417: {52 72 67 42 }
1881418: {22 16 85 88 }
1881419: {32 47 2 25 }
1881420: {71 50 5 68 }
1881421: {17 26 87 }
1881422: {66 76 36 }
1881423: {89 35 44 11 34 }
1881424: {86 74 81 }
1881425: {53 15 19 }
1881426: {59 }
1881427: {78 }
1881428: {43 }
1881429: {27 }
1881430: {60 }
[ 83 -81 61 ] 1 2 0 [ -10 79 67 ] 2 1 0 [ 32 76 75 ] 2 1 0 [ 43 -52 -55 ] 2 1 0 [ 17 -80 4 ] 1 2 0 [ -29 27 -8 ] 1 2 0 [ 17 23 13 ] 1 2 0 [ 25 40 31 ] 1 2 0 [ 4 25 43 ] 2 1 0 [ -38 -47 68 ] 1 2 0 [ 74 -82 85 ] 2 1 0 [ 85 -55 13 ] 1 2 0 [ 85 4 37 ] 2 1 0 [ 70 13 26 ] 1 2 0 [ -77 53 1 ] 2 1 0 [ 41 34 -50 ] 2 1 0 [ 31 -24 -89 ] 1 2 0 [ 75 -77 -24 ] 1 2 0 [ 73 -89 -47 ] 2 1 0 [ -65 -45 -55 ] 0 3 0 [ 46 2 49 ] 1 2 0 [ 40 68 -57 ] 2 1 0 [ 7 25 18 ] 3 0 0 [ 56 79 37 ] 1 2 0 [ -6 -35 -72 ] 0 3 0 [ 56 74 54 ] 2 1 0 [ 13 -77 88 ] 1 2 0 [ -47 30 41 ] 2 1 0 [ 14 25 26 ] 1 2 0 [ 83 85 -90 ] 1 2 0 [ 34 -10 17 ] 3 0 0 [ -16 60 26 ] 1 2 0 [ -3 -44 83 ] 1 2 0 [ 68 17 23 ] 2 1 0 [ 41 -72 -16 ] 1 2 0 [ -38 7 34 ] 2 1 0 [ 49 46 -36 ] 1 2 0 [ 73 28 76 ] 2 1 0 [ 68 76 23 ] 2 1 0 [ -65 -6 74 ] 1 2 0 [ 87 -82 -10 ] 2 1 0 [ 67 30 -11 ] 2 1 0 [ 67 -19 41 ] 3 0 0 [ 21 -39 -84 ] 2 1 0 