947698: {36 13 }
947699: {34 37 1 9 }
947700: {14 21 10 }
947701: {20 31 }
947702: {8 18 }
947703: {7 30 15 }
947704: {2 33 }
947705: {24 17 19 }
947706: {12 22 28 }
947707: {5 26 }
947708: {29 32 }
947709: {11 23 25 }
947710: {40 6 }
947711: {39 38 }
947712: {3 27 }
947713: {35 }
947714: {4 }
947715: {16 }
[ 15 23 ] 1 1 0 [ -3 -24 ] 0 2 0 [ -5 -13 ] 0 2 0 [ 29 30 ] 1 1 0 [ 28 40 ] 1 1 0 [ -24 -35 ] 0 2 0 [ 22 26 ] 1 1 0 [ -27 -36 ] 1 1 0 [ 31 37 ] 1 1 0 [ -6 -36 ] 1 1 0 [ -27 -33 ] 1 1 0 [ 12 16 ] 1 1 0 [ 2 7 ] 2 0 0 [ 9 14 ] 0 2 0 [ -17 -27 ] 2 0 0 [ 23 40 ] 0 2 0 [ -3 -10 ] 0 2 0 [ -24 -38 ] 1 1 0 [ 29 40 ] 1 1 0 [ -32 -36 ] 0 2 0 [ -32 -38 ] 1 1 0 [ 15 16 ] 2 0 0 [ 23 29 ] 1 1 0 [ -18 -19 ] 1 1 0 [ 26 37 ] 1 1 0 [ -6 -13 ] 1 1 0 [ -6 -24 ] 1 1 0 [ -3 -13 ] 0 2 0 [ 2 16 ] 2 0 0 [ 14 16 ] 1 1 0 [ -35 -36 ] 0 2 0 [ 4 40 ] 0 2 0 [ -25 -33 ] 1 1 0 [ 14 22 ] 0 2 0 [ 9 22 ] 0 2 0 [ 2 26 ] 2 0 0 [ -11 -17 ] 2 0 0 [ -24 -34 ] 1 1 0 [ -10 -35 ] 0 2 0 [ 15 40 ] 1 1 0 [ -27 -34 ] 2 0 0 [ 1 22 ] 0 2 0 [ 21 29 ] 2 0 0 [ 2 29 ] 2 0 0 [ -5 -6 ] 1 1 0 [ 4 26 ] 1 1 0 [ -18 -25 ] 1 1 0 [ -18 -35 ] 0 2 0 [ 7 9 ] 1 1 0 [ 20 28 ] 1 1 0 [ -13 -39 ] 0 2 0 [ -18 -39 ] 0 2 0 [ 16 29 ] 2 0 0 [ 4 16 ] 1 1 0 [ 7 40 ] 1 1 0 [ -17 -39 ] 1 1 0 [ 4 21 ] 1 1 0 [ -10 -24 ] 0 2 0 [ 15 20 ] 1 1 0 [ -25 -39 ] 1 1 0 [ -8 -24 ] 1 1 0 [ -24 -25 ] 1 1 0 [ -3 -34 ] 1 1 0 [ -8 -19 ] 2 0 0 [ -10 -34 ] 1 1 0 [ -3 -32 ] 0 2 0 [ 9 26 ] 1 1 0 [ 7 26 ] 2 0 0 [ 9 16 ] 1 1 0 [ -18 -27 ] 1 1 0 [ 20 26 ] 1 1 0 [ 7 29 ] 2 0 0 [ 4 28 ] 1 1 0 [ -5 -10 ] 0 2 0 [ -8 -11 ] 2 0 0 [ -10 -27 ] 1 1 0 [ 14 37 ] 0 2 0 [ 1 4 ] 0 2 0 [ 14 26 ] 1 1 0 [ -5 -36 ] 0 2 0 [ 7 37 ] 1 1 0 [ -13 -19 ] 1 1 0 [ -10 -11 ] 1 1 0 [ 15 21 ] 2 0 0 [ 14 30 ] 0 2 0 [ -19 -34 ] 2 0 0 [ -18 -24 ] 0 2 0 [ -32 -35 ] 0 2 0 [ 28 37 ] 1 1 0 [ -11 -32 ] 1 1 0 [ 4 7 ] 1 1 0 [ -3 -5 ] 0 2 0 [ -3 -19 ] 1 1 0 [ -3 -17 ] 1 1 0 [ 12 29 ] 1 1 0 [ -35 -39 ] 0 2 0 [ 4 15 ] 1 1 0 [ -10 -36 ] 0 2 0 [ 1 14 ] 0 2 0 [ 7 20 ] 1 1 0 [ -18 -33 ] 0 2 0 [ 7 14 ] 1 1 0 [ -11 -39 ] 1 1 0 [ -18 -36 ] 0 2 0 [ 2 20 ] 1 1 0 [ -19 -36 ] 1 1 0 [ -11 -36 ] 1 1 0 [ 1 21 ] 1 1 0 [ -27 -39 ] 1 1 0 [ -8 -10 ] 1 1 0 [ -11 -38 ] 2 0 0 [ -10 -19 ] 1 1 0 [ 2 31 ] 2 0 0 [ 20 37 ] 0 2 0 [ -33 -39 ] 0 2 0 [ 9 21 ] 1 1 0 [ 9 20 ] 0 2 0 [ -11 -13 ] 1 1 0 [ -13 -24 ] 0 2 0 [ -25 -27 ] 2 0 0 [ 28 30 ] 1 1 0 [ -6 -18 ] 1 1 0 [ 14 20 ] 0 2 0 [ -13 -38 ] 1 1 0 [ 15 28 ] 2 0 0 [ -11 -35 ] 1 1 0 [ 20 21 ] 1 1 0 [ -5 -24 ] 0 2 0 [ 12 20 ] 0 2 0 [ 23 28 ] 1 1 0 [ -32 -33 ] 0 2 0 [ -36 -39 ] 0 2 0 [ -3 -38 ] 1 1 0 [ -17 -36 ] 1 1 0 [ -27 -35 ] 1 1 0 [ -34 -38 ] 2 0 0 [ 4 9 ] 0 2 0 [ 26 30 ] 1 1 0 [ 2 23 ] 1 1 0 [ -19 -38 ] 2 0 0 [ -5 -11 ] 1 1 0 [ -3 -11 ] 1 1 0 [ -5 -19 ] 1 1 0 [ -18 -32 ] 0 2 0 [ -25 -36 ] 1 1 0 [ 14 31 ] 1 1 0 [ -17 -33 ] 1 1 0 [ -33 -36 ] 0 2 0 [ 12 31 ] 1 1 0 [ -6 -35 ] 1 1 0 [ -13 -34 ] 1 1 0 [ 30 37 ] 0 2 0 [ -8 -25 ] 2 0 0 [ -10 -38 ] 1 1 0 [ 7 16 ] 2 0 0 [ 9 31 ] 1 1 0 [ 1 7 ] 1 1 0 [ -19 -35 ] 1 1 0 [ 15 37 ] 1 1 0 [ 21 40 ] 1 1 0 [ 1 23 ] 0 2 0 [ 12 14 ] 0 2 0 [ -17 -35 ] 1 1 0 [ 16 31 ] 2 0 0 [ -3 -8 ] 1 1 0 [ -33 -38 ] 1 1 0 [ -6 -10 ] 1 1 0 [ -8 -39 ] 1 1 0 [ -32 -39 ] 0 2 0 [ -8 -38 ] 2 0 0 [ 22 31 ] 1 1 0 [ 7 28 ] 2 0 0 [ 20 40 ] 0 2 0 [ -17 -32 ] 1 1 0 [ 21 28 ] 2 0 0 [ 2 21 ] 2 0 0 [ -8 -35 ] 1 1 0 [ 14 15 ] 1 1 0 [ 22 30 ] 0 2 0 [ -27 -32 ] 1 1 0 [ 12 23 ] 0 2 0 [ 16 23 ] 1 1 0 [ -5 -25 ] 1 1 0 [ 1 31 ] 1 1 0 [ 9 40 ] 0 2 0 [ 28 31 ] 2 0 0 [ 1 12 ] 0 2 0 [ 7 21 ] 2 0 0 [ -17 -34 ] 2 0 0 [ -33 -34 ] 1 1 0 [ 16 21 ] 2 0 0 [ 16 20 ] 1 1 0 [ -6 -27 ] 2 0 0 [ 12 21 ] 1 1 0 [ 2 12 ] 1 1 0 [ 20 23 ] 0 2 0 [ 9 15 ] 1 1 0 [ -6 -39 ] 1 1 0 [ -33 -35 ] 0 2 0 [ 12 15 ] 1 1 0 [ -25 -32 ] 1 1 0 [ -19 -33 ] 1 1 0 [ -11 -34 ] 2 0 0 [ 4 20 ] 0 2 0 [ -19 -25 ] 2 0 0 [ 22 37 ] 0 2 0 [ -6 -32 ] 1 1 0 [ 4 12 ] 0 2 0 [ 16 28 ] 2 0 0 [ -3 -6 ] 1 1 0 [ -13 -32 ] 0 2 0 [ 21 23 ] 1 1 0 [ 14 23 ] 0 2 0 [ 12 40 ] 0 2 0 [ 28 29 ] 2 0 0 [ -8 -36 ] 1 1 0 [ -8 -13 ] 1 1 0 [ -5 -38 ] 1 1 0 [ 15 29 ] 2 0 0 [ 1 26 ] 1 1 0 [ 2 15 ] 2 0 0 [ 4 23 ] 0 2 0 [ 7 12 ] 1 1 0 [ 9 30 ] 0 2 0 [ 20 29 ] 1 1 0 [ -25 -35 ] 1 1 0 [ 4 29 ] 1 1 0 [ -5 -8 ] 1 1 0 [ 7 23 ] 1 1 0 [ -5 -34 ] 1 1 0 [ -10 -13 ] 0 2 0 [ -6 -33 ] 1 1 0 [ 2 40 ] 1 1 0 [ 2 28 ] 2 0 0 [ 1 30 ] 0 2 0 [ -17 -18 ] 1 1 0 [ 30 31 ] 1 1 0 