969987: {16 38 }
969988: {30 34 }
969989: {6 1 }
969990: {10 31 17 }
969991: {28 12 15 }
969992: {22 36 7 }
969993: {2 13 }
969994: {5 20 }
969995: {9 11 }
969996: {8 }
969997: {26 33 27 }
969998: {4 23 }
969999: {32 24 }
970000: {40 39 29 }
970001: {14 19 }
970002: {3 }
970003: {18 }
970004: {21 37 }
970005: {25 }
970006: {35 }
[ -9 -15 ] 2 0 0 [ -21 -32 ] 0 2 0 [ 4 16 ] 0 2 0 [ -28 -30 ] 2 0 0 [ 5 27 ] 2 0 0 [ -20 -26 ] 0 2 0 [ 17 24 ] 1 1 0 [ -22 -32 ] 1 1 0 [ 5 18 ] 2 0 0 [ -30 -40 ] 2 0 0 [ 17 36 ] 1 1 0 [ -12 -33 ] 0 2 0 [ 18 38 ] 2 0 0 [ 10 27 ] 2 0 0 [ 5 23 ] 1 1 0 [ -35 -40 ] 2 0 0 [ -14 -28 ] 2 0 0 [ -14 -21 ] 1 1 0 [ 18 25 ] 2 0 0 [ 3 25 ] 2 0 0 [ 4 7 ] 0 2 0 [ -29 -30 ] 2 0 0 [ -8 -20 ] 0 2 0 [ 27 36 ] 2 0 0 [ -32 -40 ] 1 1 0 [ 2 27 ] 2 0 0 [ 25 38 ] 2 0 0 [ 11 27 ] 1 1 0 [ -26 -34 ] 1 1 0 [ 3 4 ] 1 1 0 [ 17 25 ] 1 1 0 [ 3 38 ] 2 0 0 [ -22 -33 ] 1 1 0 [ 11 18 ] 1 1 0 [ 7 19 ] 1 1 0 [ 5 31 ] 1 1 0 [ -22 -34 ] 2 0 0 [ 16 23 ] 0 2 0 [ -21 -40 ] 1 1 0 [ 2 10 ] 2 0 0 [ 1 4 ] 0 2 0 [ 10 23 ] 1 1 0 [ 23 25 ] 1 1 0 [ -9 -39 ] 2 0 0 [ 17 27 ] 1 1 0 [ 17 38 ] 1 1 0 [ -8 -32 ] 0 2 0 [ -8 -33 ] 0 2 0 [ -15 -26 ] 1 1 0 [ -9 -14 ] 2 0 0 [ -6 -28 ] 1 1 0 [ -33 -39 ] 1 1 0 [ 23 27 ] 1 1 0 [ -8 -21 ] 0 2 0 [ -26 -30 ] 1 1 0 [ -6 -40 ] 1 1 0 [ 3 19 ] 2 0 0 [ -21 -30 ] 1 1 0 [ -20 -39 ] 1 1 0 [ 4 25 ] 1 1 0 [ -28 -40 ] 2 0 0 [ -15 -30 ] 2 0 0 [ -22 -39 ] 2 0 0 [ -8 -39 ] 1 1 0 [ 23 31 ] 0 2 0 [ -21 -35 ] 1 1 0 [ 16 27 ] 1 1 0 [ 11 25 ] 1 1 0 [ 23 24 ] 1 1 0 [ 24 36 ] 2 0 0 [ 1 36 ] 1 1 0 [ 31 36 ] 1 1 0 [ 13 25 ] 2 0 0 [ 1 13 ] 1 1 0 [ 7 27 ] 1 1 0 [ -14 -32 ] 1 1 0 [ -22 -37 ] 1 1 0 [ -8 -30 ] 1 1 0 [ -6 -26 ] 0 2 0 [ 16 19 ] 1 1 0 [ 13 16 ] 1 1 0 [ 10 11 ] 1 1 0 [ 2 11 ] 1 1 0 [ 7 11 ] 0 2 0 [ 5 13 ] 2 0 0 [ 23 36 ] 1 1 0 [ 1 7 ] 0 2 0 [ -8 -40 ] 1 1 0 [ 7 25 ] 1 1 0 [ -21 -26 ] 0 2 0 [ 4 19 ] 1 1 0 [ 11 19 ] 1 1 0 [ -8 -26 ] 0 2 0 [ 4 38 ] 1 1 0 [ -12 -32 ] 0 2 0 [ 1 18 ] 1 1 0 [ 10 24 ] 2 0 0 [ -8 -14 ] 1 1 0 [ -14 -30 ] 2 0 0 [ -32 -34 ] 1 1 0 [ 2 38 ] 2 0 0 [ -29 -35 ] 2 0 0 [ 1 3 ] 1 1 0 [ 1 25 ] 1 1 0 [ 27 31 ] 1 1 0 [ -15 -32 ] 1 1 0 [ -21 -33 ] 0 2 0 [ -9 -40 ] 2 0 0 [ -8 -37 ] 0 2 0 [ -22 -28 ] 2 0 0 [ -20 -37 ] 0 2 0 [ -28 -37 ] 1 1 0 [ -21 -28 ] 1 1 0 [ -12 -22 ] 1 1 0 [ 2 5 ] 2 0 0 [ -6 -15 ] 1 1 0 [ 2 17 ] 1 1 0 [ -12 -29 ] 1 1 0 [ -29 -37 ] 1 1 0 [ 3 17 ] 1 1 0 [ -12 -20 ] 0 2 0 [ 11 13 ] 1 1 0 [ -12 -35 ] 1 1 0 [ 16 31 ] 0 2 0 [ -26 -40 ] 1 1 0 [ -28 -33 ] 1 1 0 [ 7 13 ] 1 1 0 [ -34 -37 ] 1 1 0 [ 18 19 ] 2 0 0 [ 5 24 ] 2 0 0 [ 16 24 ] 1 1 0 [ -6 -12 ] 0 2 0 [ -9 -30 ] 2 0 0 [ -34 -39 ] 2 0 0 [ -29 -34 ] 2 0 0 [ 1 11 ] 0 2 0 [ -26 -39 ] 1 1 0 [ 13 18 ] 2 0 0 [ 4 18 ] 1 1 0 [ -8 -12 ] 0 2 0 [ 13 17 ] 1 1 0 [ -34 -35 ] 2 0 0 [ -6 -9 ] 1 1 0 [ -33 -37 ] 0 2 0 [ -8 -22 ] 1 1 0 [ 24 31 ] 1 1 0 [ -6 -20 ] 0 2 0 [ 5 36 ] 2 0 0 [ -9 -26 ] 1 1 0 [ -29 -32 ] 1 1 0 [ 7 17 ] 0 2 0 [ -12 -39 ] 1 1 0 [ -8 -34 ] 1 1 0 [ -9 -28 ] 2 0 0 [ -33 -40 ] 1 1 0 [ 13 19 ] 2 0 0 [ 1 38 ] 1 1 0 [ 13 24 ] 2 0 0 [ -26 -28 ] 1 1 0 [ 10 16 ] 1 1 0 [ -6 -30 ] 1 1 0 [ -32 -39 ] 1 1 0 [ -15 -21 ] 1 1 0 [ -15 -37 ] 1 1 0 [ -6 -14 ] 1 1 0 [ 4 10 ] 1 1 0 [ -35 -37 ] 1 1 0 [ -8 -35 ] 1 1 0 [ -30 -33 ] 1 1 0 [ 2 31 ] 1 1 0 [ 3 11 ] 1 1 0 [ -20 -35 ] 1 1 0 [ -6 -35 ] 1 1 0 [ 3 13 ] 2 0 0 [ -6 -39 ] 1 1 0 [ 17 19 ] 1 1 0 [ -37 -39 ] 1 1 0 [ -20 -34 ] 1 1 0 [ 3 7 ] 1 1 0 [ -14 -20 ] 1 1 0 [ -9 -21 ] 1 1 0 [ 1 17 ] 0 2 0 [ 11 23 ] 0 2 0 [ -28 -34 ] 2 0 0 [ -14 -15 ] 2 0 0 [ -26 -32 ] 0 2 0 [ -20 -22 ] 1 1 0 [ -33 -35 ] 1 1 0 [ 4 36 ] 1 1 0 [ 5 25 ] 2 0 0 [ -8 -29 ] 1 1 0 [ -15 -34 ] 2 0 0 [ 2 23 ] 1 1 0 [ 13 38 ] 2 0 0 [ 4 13 ] 1 1 0 [ 11 38 ] 1 1 0 [ -28 -29 ] 2 0 0 [ -9 -29 ] 2 0 0 [ 7 18 ] 1 1 0 [ 2 24 ] 2 0 0 [ 16 36 ] 1 1 0 [ 18 31 ] 1 1 0 [ 2 16 ] 1 1 0 [ 3 18 ] 2 0 0 [ -12 -34 ] 1 1 0 [ -14 -26 ] 1 1 0 [ -30 -39 ] 2 0 0 [ 4 24 ] 1 1 0 [ 1 10 ] 1 1 0 [ -14 -40 ] 2 0 0 [ 11 24 ] 1 1 0 [ -15 -40 ] 2 0 0 [ 1 19 ] 1 1 0 [ 2 7 ] 1 1 0 [ -35 -39 ] 2 0 0 [ 19 27 ] 2 0 0 [ -32 -35 ] 1 1 0 [ 19 25 ] 2 0 0 [ -22 -29 ] 2 0 0 [ 24 27 ] 2 0 0 [ -9 -35 ] 2 0 0 [ -12 -30 ] 1 1 0 [ 4 5 ] 1 1 0 [ -29 -33 ] 1 1 0 [ -14 -29 ] 2 0 0 [ 10 36 ] 2 0 0 [ 7 38 ] 1 1 0 [ 19 38 ] 2 0 0 [ -33 -34 ] 1 1 0 [ 5 10 ] 2 0 0 [ -12 -37 ] 0 2 0 [ -32 -37 ] 0 2 0 [ -20 -29 ] 1 1 0 [ 17 18 ] 1 1 0 [ -15 -39 ] 2 0 0 [ 5 16 ] 1 1 0 